3 0.365625 0.71640625 0.278125 0.56640625
3 0.20703125 0.57578125 0.2265625 0.49609375
3 0.09375 0.4203125 0.075 0.19609375
3 0.02578125 0.33515625 0.04921875 0.10703125
3 0.06640625 0.33359375 0.04921875 0.08984375
3 0.35625 0.42265625 0.04609375 0.09609375
3 0.37734375 0.3984375 0.03046875 0.05546875
3 0.403125 0.4671875 0.0484375 0.0875
3 0.45703125 0.521875 0.0609375 0.11328125
3 0.4828125 0.48125 0.0375 0.0828125
3 0.4390625 0.45546875 0.03515625 0.0421875
3 0.44765625 0.41953125 0.0234375 0.0375
3 0.475 0.434375 0.0359375 0.0453125
3 0.5234375 0.5 0.04609375 0.06953125
3 0.5375 0.56328125 0.07265625 0.10625
3 0.60078125 0.58828125 0.0625 0.10390625
3 0.665625 0.8015625 0.18125 0.396875
3 0.68984375 0.375 0.05625 0.075
3 0.55078125 0.4484375 0.0265625 0.05859375
3 0.57890625 0.45859375 0.02734375 0.06171875
3 0.5828125 0.42734375 0.01328125 0.02734375
3 0.60703125 0.45859375 0.02578125 0.04921875
3 0.69375 0.59453125 0.0640625 0.0921875
3 0.709375 0.55546875 0.034375 0.0640625
3 0.7796875 0.5421875 0.06171875 0.084375
3 0.8453125 0.55859375 0.0375 0.05859375
3 0.896875 0.5859375 0.046875 0.065625
3 0.86484375 0.63359375 0.0859375 0.109375
3 0.8921875 0.71484375 0.090625 0.128125
3 0.96484375 0.66484375 0.06640625 0.12578125
