3 0.60703125 0.51015625 0.1296875 0.31484375
3 0.5 0.4078125 0.071875 0.12734375
3 0.42734375 0.3859375 0.08359375 0.1234375
3 0.303125 0.3484375 0.065625 0.12265625
3 0.253125 0.3359375 0.05 0.09453125
3 0.2140625 0.34453125 0.04453125 0.1140625
3 0.1859375 0.31875 0.053125 0.09921875
3 0.040625 0.353125 0.04140625 0.11328125
3 0.0859375 0.38203125 0.03125 0.15078125
3 0.125 0.3890625 0.0546875 0.140625
3 0.175 0.4265625 0.04609375 0.13359375
3 0.3328125 0.5171875 0.0765625 0.265625
3 0.3984375 0.5234375 0.0703125 0.21015625
3 0.48515625 0.53828125 0.084375 0.19453125
3 0.2375 0.746875 0.25078125 0.36015625
3 0.0796875 0.61640625 0.1015625 0.20234375
3 0.02421875 0.5484375 0.0484375 0.24921875
3 0.77890625 0.44765625 0.04375 0.24375
