3 0.04821881050124205 0.6701562433765781 0.0964376210024841 0.6596875132468438
3 0.1904269528755526 0.6986755690598084 0.09840776726660985 0.5353596358421822
3 0.34150818472518 0.6418476717848809 0.08684757766965596 0.42794643992586623
3 0.4309342990883647 0.576237540752022 0.06258792105379776 0.42006945253973793
3 0.4881291755517978 0.5461209656169459 0.045086803665550866 0.3655630018140986
3 0.5585507598607532 0.5249155990120574 0.03761467125018943 0.2895362151536098
3 0.5061206514494969 0.541587233040141 0.03081977058625949 0.3299156784931208
3 0.5898098502198328 0.5222618249654402 0.0233203670936593 0.24920139183263199
3 0.567907579142594 0.5277132167980721 0.035993083916171995 0.2793254014512788
3 0.6688524556060271 0.49606885799773204 0.022170957550934744 0.18589285998146643
3 0.7190024465308408 0.46854156952314463 0.020517553960138456 0.17021329627913567
3 0.7895422055078313 0.4270237029182561 0.012323258878794619 0.10431547776748147
3 0.8012745910464506 0.42427072515077463 0.009915876365237252 0.09329613221398514
