3 0.1109375 0.5515625 0.0546875 0.21953125
3 0.19296875 0.56328125 0.0390625 0.2359375
3 0.2515625 0.54921875 0.03671875 0.21015625
3 0.21796875 0.54921875 0.0234375 0.1796875
3 0.1640625 0.54296875 0.03359375 0.190625
3 0.284375 0.53671875 0.0421875 0.19921875
3 0.321875 0.55859375 0.0453125 0.1890625
3 0.37890625 0.59609375 0.04375 0.21640625
3 0.49609375 0.59453125 0.0390625 0.203125
3 0.453125 0.55703125 0.03359375 0.1875
3 0.42109375 0.55703125 0.025 0.1578125
3 0.5390625 0.5640625 0.03125 0.17890625
3 0.59609375 0.5765625 0.03046875 0.23046875
3 0.61796875 0.5796875 0.02890625 0.1625
3 0.665625 0.55703125 0.0375 0.1765625
3 0.696875 0.540625 0.0390625 0.1984375
3 0.72890625 0.54765625 0.0390625 0.1859375
3 0.77265625 0.54453125 0.0515625 0.22578125
3 0.8203125 0.54921875 0.03671875 0.2078125
3 0.84609375 0.53984375 0.03125 0.18203125
3 0.89375 0.53984375 0.0375 0.2140625
3 0.346875 0.525 0.0203125 0.134375
3 0.36875 0.5484375 0.03125 0.215625
3 0.3125 0.471875 0.009375 0.028125
3 0.32890625 0.46875 0.0109375 0.01953125
3 0.39140625 0.47421875 0.015625 0.021875
3 0.41171875 0.5296875 0.0140625 0.11171875
3 0.44765625 0.52109375 0.02421875 0.11171875
3 0.47734375 0.51953125 0.01875 0.10859375
3 0.4984375 0.48515625 0.021875 0.0421875
3 0.33515625 0.45859375 0.009375 0.02109375
3 0.34765625 0.47265625 0.01328125 0.021875
3 0.3921875 0.47578125 0.0109375 0.01640625
3 0.42734375 0.46484375 0.0109375 0.0171875
3 0.45859375 0.4515625 0.0109375 0.0265625
3 0.4921875 0.44921875 0.0109375 0.021875
3 0.50625 0.4640625 0.015625 0.02109375
3 0.51796875 0.44375 0.009375 0.02890625
3 0.54140625 0.45 0.01328125 0.02578125
3 0.5671875 0.434375 0.015625 0.0234375
3 0.26484375 0.4546875 0.0140625 0.0265625
3 0.53046875 0.48359375 0.01484375 0.0265625
3 0.63046875 0.5203125 0.021875 0.09375
3 0.61953125 0.465625 0.01640625 0.028125
3 0.61015625 0.47265625 0.0203125 0.0265625
3 0.6515625 0.47109375 0.01328125 0.03046875
3 0.6484375 0.51875 0.0203125 0.1375
3 0.6734375 0.4765625 0.01640625 0.0359375
