5 0.62834375 0.4166666666666667 0.07142187500000005 0.13393750000000004
5 0.653453125 0.4285625 0.04129687499999992 0.0982083333333333
12 0.3203125 0.24895833333333334 0.515625 0.4979166666666667
12 0.256703125 0.2827291666666667 0.24329687499999997 0.44643750000000004
12 0.3911875 0.4181458333333333 0.1015625 0.1875
12 0.455359375 0.4107083333333333 0.05357812499999994 0.125
12 0.50446875 0.4129375 0.09375 0.1205416666666667
12 0.54240625 0.4233541666666667 0.05579687500000006 0.11756250000000001
12 0.52890625 0.7291666666666666 0.9296875 0.5416666666666666
1 0.8292343750000001 0.23735416666666667 0.3415156249999999 0.4657708333333333
