3 0.7963756518792018 0.5277613939901041 0.03296058320625015 0.14235409997176518
3 0.8477764573500352 0.6243780597327675 0.07344076605190963 0.17201848414439738
3 0.7163628031897227 0.6097023677523321 0.08857545678135423 0.18538303413027996
3 0.619833295305938 0.6189037915286775 0.0764014586812154 0.1316209972985769
3 0.7665426815144796 0.5197822940183391 0.03019925911805572 0.15779708944842136
3 0.8029152861878822 0.47352892029846344 0.028707534669270986 0.060186342079257396
3 0.7448313356747921 0.5255394703549332 0.03207088364309048 0.17116934471009326
3 0.7176687704203129 0.4982111309065117 0.04111857532246539 0.15765287628012442
3 0.6874364097629865 0.5065927783039106 0.03486857532246539 0.15728885523343691
3 0.6643262180836116 0.5192901993788329 0.026856053570972448 0.14824007892507768
3 0.6510813356747921 0.5200791546546222 0.021986715615069485 0.1401545631400623
3 0.6259176815144796 0.5115918204678727 0.023476480432708512 0.13712056840173403
3 0.5999909611497574 0.5038402336502872 0.03247027393569457 0.1548085973409293
3 0.584475063923299 0.5076176810335686 0.034923126709236384 0.15963260523343692
3 0.5541336004924309 0.5113118284309676 0.028073061454757207 0.1334873341867496
3 0.4870006518792017 0.509742352179078 0.036158318388611124 0.14566111049510883
3 0.5447241925323963 0.6098480389684287 0.050729964665138995 0.16835515785015537
3 0.4773730383720839 0.5989035627165391 0.0459684230620141 0.0978606473268119
3 0.40880487632798657 0.6027118312029778 0.044915069338541794 0.1196446420651398
3 0.3627838615103477 0.6031521759836582 0.03733830547083343 0.09579761838761662
3 0.40958416669684067 0.5021125917263215 0.04073671561506949 0.1412466262801244
3 0.43085975465274345 0.5111536627588915 0.032796929045937694 0.1353228499717652
3 0.46040178428802125 0.5066327627306566 0.023694032769409824 0.11294732103256991
3 0.4799512180836115 0.5085515785015546 0.01953386284152785 0.13533055524755433
3 0.5033705342880213 0.5091354074266324 0.013320230432708514 0.136529034200867
3 0.5127637180836115 0.5104626889966635 0.03941060495774309 0.1513118710184525
3 0.19732578172257006 0.7682781050922627 0.04475206838861121 0.14616163943430394
3 0.14112967989895894 0.733797418302912 0.046604855907673715 0.1252043973268117
3 0.09162064237989646 0.7519789999294128 0.05692476006798621 0.13282718152767892
3 0.055972123478195 0.661741136803468 0.03337750408406257 0.09322635523343692
3 0.030990307273785277 0.6610663026167185 0.030488240216354223 0.06965234734092932
3 0.0846062697547228 0.6852542315135614 0.03962750408406259 0.09359037628012423
3 0.12274139617961859 0.6476856130553575 0.031087652260451425 0.06188534997176518
3 0.0896743230413547 0.6348370025602488 0.023002395326597248 0.04971157366340577
3 0.08340548603538245 0.6001434841443973 0.021294424961875037 0.04337056840173403
3 0.10582534669270882 0.5913068104386391 0.02670862357510422 0.041345336817585475
3 0.12323105223979218 0.6016828683170294 0.027308035619201386 0.03357833944842135
3 0.1429805077868755 0.6121954340879275 0.03152341014423614 0.04708710260260105
3 0.17688338231191025 0.6274332972138723 0.031524063354618104 0.08063534997176518
3 0.05164633975885465 0.5764483789109602 0.028743249050069464 0.028200594710093264
3 0.030461670780903255 0.5713135578783903 0.01575293977951392 0.03992704998588259
3 0.05924128742215329 0.6010766525884836 0.024310322188333355 0.03886507892507769
3 0.2140210128208686 0.6810889182323249 0.05023834897381958 0.11371316048099142
3 0.2654932470532992 0.7137340892366598 0.04869337955902786 0.08085515785015537
3 0.3228518053739242 0.7311182812876824 0.060685539703264 0.12680469468185845
3 0.38573366508132007 0.7511647417545564 0.060812826272395884 0.13227344468185825
3 0.4523035692416325 0.76206371537561 0.04280705547083343 0.09611613680346806
3 0.3281770446403479 0.825831541811026 0.07522081838861121 0.14793624203690497
3 0.25868150902114645 0.7897960602974647 0.06777199430041687 0.16310621572854594
3 0.16060964456409796 0.8970888466655735 0.09544370583142384 0.205822306668853
3 0.24665624733763963 0.9020167972844595 0.1032380220358335 0.19596640543108101
3 0.3286335991612508 0.9355874314570916 0.10490831838861121 0.12882513708581697
3 0.0416044182154521 0.8489303236634058 0.04831413269315989 0.19864189732681153
3 0.40176001500507014 0.8363587891096032 0.07818347064906259 0.20818349729857671
3 0.47576121266836874 0.8648547864081799 0.0996947947372572 0.19383257096198286
3 0.5780692482875702 0.8907876688370934 0.10394719006385422 0.2184246623258133
3 0.6747630635420494 0.9223292187876824 0.08686748641663193 0.15534156242463518
3 0.4140210128208686 0.6927375917263215 0.03330476890170146 0.09010135523343692
3 0.31985213231191023 0.6357602786568465 0.042188806420763926 0.06955363680346807
3 0.2899288961796186 0.6574231760542455 0.033740526785486225 0.07530310786427279
3 0.2550265661075005 0.6327648102974648 0.03470361474138901 0.08316111049510884
3 0.24027308187506993 0.6022582629424181 0.02981543977951393 0.040746097340929134
3 0.27235888326184077 0.606467620806691 0.021112587005972294 0.03555806840173403
3 0.20893216289711852 0.5965319077089811 0.02634494766329869 0.025720336817585475
3 0.21879812537805607 0.6181716892790122 0.025654616641249996 0.029581084186749606
3 0.1485025027528824 0.5477612077654509 0.03817410685760425 0.0981868710184525
3 0.18660256800736158 0.5757265840455752 0.03951970773128486 0.1559993710184525
3 0.22670023793524355 0.5554364708490434 0.041771885542951456 0.11868138154179633
3 0.2657809217308338 0.5584928523908396 0.04416953371934031 0.08761339206513999
3 0.31381903143822965 0.577674762871831 0.039082643426736216 0.10370112364928837
3 0.3188682477188893 0.49292803654935435 0.05697931145475703 0.13517093152767892
3 0.45542791603125055 0.7286974785297896 0.04538719481350704 0.10640889469597585
3 0.46919882209142416 0.683468278515672 0.04180759992375016 0.0866956341726322
3 0.48644022026781303 0.6532648390248984 0.028598431895729172 0.05549884207925739
3 0.5279016748649659 0.6915684758283664 0.04306162860909737 0.10705363680346806
3 0.5102245188047922 0.7365701626883043 0.04311617999586801 0.10939738680346807
3 0.5809013479269798 0.7898386468327016 0.06530030452090294 0.12395271046687402
3 0.5762670928929866 0.7248128863093578 0.04073540919430556 0.07415013154179632
3 0.5790277637707991 0.6758216494635375 0.03610246058107656 0.07622086575678075
3 0.6288641096104867 0.6717025678370366 0.042043336056041804 0.06330363680346807
3 0.6352602331855909 0.7118648362528882 0.04306097539871523 0.07350538943430393
3 0.6569365178548617 0.7716416546546222 0.045078723498854244 0.1266758920651398
3 0.6923096669811811 0.7159677783039107 0.0323962323325695 0.08458710260260105
3 0.6758482123840283 0.6791202256871921 0.030724629559027862 0.07980859734092931
3 0.7164569882195839 0.7813498545981525 0.05554344481350704 0.10700042889684287
3 0.7749793094579868 0.848734046649175 0.0848140239356944 0.15785727360693613
3 0.7637307253018062 0.7341710177099797 0.049257077222326376 0.10507390785015538
3 0.7947436827487506 0.6922866255742527 0.044315004084062436 0.0938633920651398
3 0.8412199456665285 0.7449257781627363 0.05528952488562524 0.12961117626600682
3 0.8717425938429173 0.7154958833961732 0.04595023926642341 0.0970793973268119
3 0.9350413744281255 0.686414599124719 0.033830792553055745 0.045661110495108834
3 0.9068462520872924 0.8158444938912822 0.08808514751079884 0.19783753149944375
3 0.9790816354234118 0.9041503962632266 0.04183672915317658 0.1916992074735468
3 0.9951233929986287 0.7270465753766086 0.009753214002742538 0.06391058155591374
