3 0.7671875 0.48359375 0.084375 0.15078125
3 0.66796875 0.47890625 0.04453125 0.1140625
3 0.6234375 0.46796875 0.05234375 0.10390625
3 0.5578125 0.4625 0.05 0.11171875
3 0.375 0.4484375 0.059375 0.21015625
3 0.52578125 0.56796875 0.09609375 0.1984375
3 0.44921875 0.55703125 0.075 0.184375
3 0.7578125 0.603125 0.0921875 0.171875
3 0.77578125 0.75 0.134375 0.246875
3 0.578125 0.83203125 0.1125 0.30546875
3 0.41953125 0.80546875 0.1484375 0.290625
3 0.27265625 0.703125 0.1203125 0.296875
3 0.1890625 0.646875 0.08984375 0.21171875
3 0.11953125 0.84765625 0.1140625 0.3046875
3 0.2203125 0.90859375 0.19765625 0.1828125
3 0.028125 0.80859375 0.05625 0.3828125
3 0.0796875 0.5171875 0.0390625 0.1125
3 0.0578125 0.509375 0.0453125 0.08984375
3 0.03671875 0.48125 0.034375 0.08828125
3 0.025 0.5515625 0.05 0.165625
3 0.24921875 0.5140625 0.040625 0.14921875
3 0.2953125 0.546875 0.05 0.11796875
