3 0.14658671291368786 0.6110414759300833 0.08002488504764012 0.33248245850815117
3 0.24496512557967032 0.5934260782098129 0.05740447560311139 0.20269987012586874
3 0.21158045383850155 0.6319091603683178 0.07264365622307478 0.27179341224241754
3 0.3343366977883774 0.6398023255105205 0.08590672550491565 0.26967480518880327
3 0.30558900819142354 0.5349022605734548 0.04075733108750157 0.1600504288391571
3 0.25627480942108755 0.5222255844335901 0.04708005396013846 0.17302402551980922
3 0.22311233059652227 0.4645557170070136 0.040411897442476086 0.1006754288391571
3 0.18205605942108755 0.5278495450163337 0.04261072257804934 0.21016882800932013
3 0.31053960772388534 0.44542536347788425 0.02921077702916719 0.05453413464801606
3 0.2761191559284872 0.4402176452214707 0.026158499901804078 0.06679733630769
3 0.33003904146710666 0.4384766238508465 0.03086872579950315 0.0710587838181791
3 0.37461119808296495 0.44213349750120035 0.026798849336070064 0.04263778589277152
3 0.3792946737842723 0.5754312495757927 0.045822080989305645 0.2252493763496462
3 0.35806404751723087 0.41915793878791197 0.015007376463433175 0.029249792116548788
3 0.357137351771957 0.39421713837299355 0.016592602361132157 0.03327444128671173
3 0.368074851771957 0.39338834418185237 0.016547150565734102 0.02546194128671182
3 0.386847577669656 0.3958738041398961 0.022901689695149673 0.04390428796736394
3 0.5456413155694075 0.4182312883683492 0.019722147540672096 0.03429248962703788
3 0.5338725685944696 0.4105255321445719 0.014230671642972936 0.029971842531467275
3 0.5228850716195318 0.402760576335713 0.011164758976990541 0.039891294191141215
3 0.5286083516737611 0.4460961792401424 0.024464189695149584 0.044022687137526974
3 0.5592321586589618 0.604784095007045 0.0651311380727023 0.3227639163916024
3 0.5882287913689108 0.48378451077394746 0.04092043667008767 0.053859628424238616
3 0.637752068398078 0.5323986869138123 0.032731728529977744 0.2570554834032606
3 0.618906619627742 0.5174132269557685 0.030873791859890077 0.2061558342330974
3 0.5871021077238854 0.4244687103590291 0.023028954722264315 0.06577928796736394
3 0.5598174450579029 0.43669694583688196 0.022919870413308986 0.04702928796736394
3 0.5478214391059745 0.3899286896131046 0.016551695745273952 0.02624319128671173
3 0.7111037308676688 0.6464243755012318 0.10549251765939331 0.28052979481584117
3 0.6867031736860764 0.6170095626387585 0.043905577866047804 0.29850927759440166
3 0.7446969599868216 0.5094445937576452 0.034915876365237256 0.09557353174358649
3 0.7837463453290494 0.638575064088651 0.0774493308911099 0.2924611097529066
3 0.8167310412707149 0.531341981930146 0.05461529800821019 0.12595977137062436
3 0.8409407009116354 0.5279442947926192 0.06682947257804912 0.2120040151468469
3 0.7811975413689107 0.469162213258814 0.04910109621281204 0.11773287427505359
3 0.727050396853301 0.4318407346294384 0.03951247277444096 0.08030372925407558
3 0.6826282311622563 0.4539651109790846 0.04188349385167989 0.08516882800932013
3 0.7171714028052293 0.480266579235498 0.04358689441741408 0.10950597717948315
3 0.6948782462875668 0.4100491676177803 0.02132100897699054 0.04066088879720091
3 0.7190333637740095 0.3972764804802535 0.023664758976990365 0.04083848755244537
3 0.6182112071581513 0.39788197695576855 0.024491460772388507 0.0487101871375268
3 0.8898549238824682 0.4718709709324839 0.03929937021691714 0.17790077966899406
3 0.9289765112164856 0.47906724167840836 0.06582096360105893 0.17288231556176542
3 0.46112593588452067 0.534840293142234 0.19545145979043 0.7098163983449706
