3 0.14296875 0.621875 0.078125 0.3265625
3 0.24140625 0.61171875 0.05625 0.1984375
3 0.2078125 0.64765625 0.07109375 0.26640625
3 0.33046875 0.66484375 0.084375 0.26328125
3 0.30234375 0.5578125 0.03984375 0.15703125
3 0.253125 0.54140625 0.04609375 0.16953125
3 0.2203125 0.48125 0.03984375 0.09765625
3 0.17890625 0.54140625 0.04140625 0.20703125
3 0.3078125 0.46875 0.02890625 0.05234375
3 0.2734375 0.4609375 0.02578125 0.06484375
3 0.32734375 0.46328125 0.03046875 0.06875
3 0.371875 0.4703125 0.0265625 0.040625
3 0.37578125 0.60390625 0.04453125 0.221875
3 0.35546875 0.44609375 0.01484375 0.028125
3 0.3546875 0.42109375 0.01640625 0.03203125
3 0.365625 0.42109375 0.01640625 0.02421875
3 0.384375 0.425 0.02265625 0.0421875
3 0.54296875 0.459375 0.01953125 0.0328125
3 0.53125 0.45078125 0.0140625 0.02890625
3 0.5203125 0.4421875 0.0109375 0.0390625
3 0.52578125 0.4859375 0.02421875 0.0421875
3 0.55546875 0.646875 0.06328125 0.31796875
3 0.58515625 0.528125 0.040625 0.05078125
3 0.634375 0.58046875 0.03125 0.2546875
3 0.615625 0.5640625 0.0296875 0.20390625
3 0.584375 0.46875 0.02265625 0.0640625
3 0.55703125 0.47890625 0.02265625 0.0453125
3 0.5453125 0.43125 0.01640625 0.025
3 0.70703125 0.7 0.10390625 0.27265625
3 0.6828125 0.66875 0.0421875 0.2953125
3 0.74140625 0.565625 0.034375 0.09296875
3 0.7796875 0.69765625 0.07578125 0.28671875
3 0.81328125 0.59296875 0.05390625 0.121875
3 0.8375 0.59140625 0.065625 0.20703125
3 0.778125 0.528125 0.0484375 0.1140625
3 0.72421875 0.48671875 0.0390625 0.07734375
3 0.6796875 0.50546875 0.04140625 0.08203125
3 0.7140625 0.534375 0.04296875 0.10625
3 0.6921875 0.4625 0.02109375 0.0390625
3 0.71640625 0.4515625 0.0234375 0.0390625
3 0.615625 0.44453125 0.02421875 0.046875
3 0.88671875 0.5390625 0.03828125 0.175
3 0.92578125 0.54921875 0.06484375 0.16796875
3 0.4578125 0.56953125 0.19140625 0.6953125
