3 0.14375 0.69921875 0.03984375 0.22578125
3 0.49375 0.73203125 0.07734375 0.2296875
3 0.18515625 0.68203125 0.03828125 0.17578125
3 0.225 0.66328125 0.0359375 0.15078125
3 0.31875 0.68359375 0.0203125 0.13671875
3 0.346875 0.6703125 0.03359375 0.15234375
3 0.3828125 0.6609375 0.0390625 0.14296875
3 0.53203125 0.65234375 0.04140625 0.128125
3 0.5578125 0.684375 0.0359375 0.16484375
3 0.58671875 0.690625 0.03203125 0.13515625
3 0.628125 0.640625 0.01875 0.10234375
3 0.68984375 0.6359375 0.02734375 0.09453125
3 0.725 0.6421875 0.01796875 0.09921875
3 0.6484375 0.63984375 0.01640625 0.09140625
