3 0.1390625 0.14921875 0.22421875 0.290625
3 0.39296875 0.15625 0.13984375 0.31015625
3 0.64453125 0.159375 0.19765625 0.28125
3 0.89921875 0.15546875 0.17578125 0.28984375
3 0.88203125 0.50546875 0.2359375 0.284375
3 0.63046875 0.50390625 0.1734375 0.28515625
3 0.3796875 0.49140625 0.15859375 0.3125
3 0.1265625 0.5 0.1875 0.29921875
3 0.9 0.84453125 0.2 0.3109375
3 0.63203125 0.84921875 0.1859375 0.3015625
3 0.36640625 0.85234375 0.215625 0.2953125
3 0.0984375 0.84375 0.19609375 0.3125
