3 0.060946371748646186 0.6684332897246554 0.10989238635914278 0.6631334205506892
3 0.20684525283607852 0.6918657998641139 0.10459914001259074 0.538696149263366
3 0.3567264760507173 0.6297596477507567 0.09179340259449251 0.4309000747577336
3 0.44469803449270373 0.5610317910620377 0.06745192166921594 0.42217528478097677
3 0.5012383607915976 0.5289187775683843 0.04932348457542908 0.3670671677006977
3 0.5712235783241935 0.5052520486036063 0.04096946793633762 0.2907942448042199
3 0.5191389269442217 0.5237560301662744 0.03464732994904658 0.33092757190774214
3 0.6024463047852431 0.5015043357303716 0.026211492693104077 0.24996714901126432
3 0.5806531254020941 0.5077214847416359 0.03922968993316047 0.2805287341605581
3 0.680943451700988 0.472549173225454 0.024325664365615295 0.18663126868943342
3 0.7304934383083074 0.4432715826282784 0.02249042897611204 0.17089700804577176
3 0.8001240998345489 0.39929235366350035 0.013532440340197738 0.10472570482746306
3 0.8118019395261233 0.39612914883603734 0.010997775567545175 0.09362431386197043
