3 0.95703125 0.57265625 0.0859375 0.63515625
3 0.884375 0.59921875 0.0796875 0.60703125
3 0.8046875 0.5640625 0.078125 0.646875
3 0.7625 0.5984375 0.071875 0.66640625
3 0.66953125 0.59609375 0.08515625 0.59140625
3 0.63515625 0.60703125 0.0671875 0.575
3 0.55703125 0.60625 0.09296875 0.61640625
3 0.48125 0.5859375 0.0859375 0.59375
3 0.41015625 0.58359375 0.0734375 0.5859375
3 0.35703125 0.5765625 0.05234375 0.56484375
3 0.284375 0.578125 0.08125 0.54453125
3 0.234375 0.5859375 0.0578125 0.4859375
3 0.20078125 0.43515625 0.04765625 0.15625
3 0.15078125 0.63125 0.08125 0.45
3 0.1015625 0.64765625 0.0578125 0.42734375
3 0.07578125 0.66328125 0.0578125 0.44609375
3 0.0328125 0.60234375 0.065625 0.5140625
3 0.0890625 0.38828125 0.06796875 0.18515625
3 0.134375 0.33984375 0.04375 0.08203125
3 0.14296875 0.40390625 0.06171875 0.06875
3 0.19140625 0.4203125 0.04453125 0.13203125
3 0.06328125 0.3640625 0.02734375 0.0953125
