3 0.6624598059357302 0.4928734055811962 0.07004251670908897 0.314432224531464
3 0.5254319732654577 0.5154577962517116 0.03468517735518084 0.16189224623907633
3 0.5144581105983668 0.5182645475053528 0.023629498687135354 0.1514177474927175
3 0.4753683385980486 0.5194716948397857 0.034367551360589665 0.201713264185765
3 0.4552285612667303 0.504036911453691 0.027272666693180625 0.19603992570596276
3 0.4130501519335031 0.5020281305748785 0.04029992536599849 0.2417161385589443
3 0.394236517266094 0.5069513112954064 0.0384556146960441 0.2174519244523216
3 0.30520128926641216 0.5020161072179136 0.06703514803468025 0.25733277837152996
3 0.19900583326704852 0.4942370479675712 0.06580900270527094 0.2861935642649073
3 0.15675469859963945 0.4984782670887588 0.07450275003977089 0.29503736685133203
3 0.022882011477569214 0.49916492570596294 0.04576402295513843 0.33736961935861454
