3 0.16850893073676948 0.5201884794827779 0.07995331870622549 0.2931882619678472
3 0.06027935475013253 0.616080248100139 0.07133393873326965 0.4921524388295834
3 0.106090746737724 0.5257650258355556 0.0540544373806342 0.3496012629177779
3 0.39514360872849713 0.46454246399954896 0.040426647358362544 0.1852660059839236
3 0.4342333807288153 0.4677954037790629 0.03505789469286249 0.1937324694147918
3 0.4561356527291334 0.47064830005559066 0.038155622692544355 0.19146145459715277
3 0.48037258406267896 0.4727744977188893 0.03444936736154425 0.20855803561920147
3 0.506935084062679 0.4733927467689588 0.031006741366952896 0.24831086664125
3 0.5453617847310425 0.4867837527528824 0.03235106536440764 0.22959723423243067
3 0.531935084062679 0.47397462822784764 0.028562994032452948 0.23966256525447918
3 0.5672913287316789 0.49198039902941015 0.030352760701771155 0.25923018284565985
3 0.5992316720639517 0.4849134346486116 0.032778326702725735 0.26631598423243047
3 0.6197350760661788 0.5017924633339589 0.020032878699862165 0.24493129350298606
3 0.6368680320655424 0.497505006836945 0.03751128003658923 0.2703313370059721
3 0.6674913234006787 0.5114954248649658 0.04848514270368014 0.2737109101442362
3 0.7027293894016332 0.5193449456665283 0.044197632041679924 0.30797680737069444
3 0.7371134800684059 0.5209262826725005 0.05377262671067982 0.3253825129177777
3 0.7871680240690423 0.5267775455902785 0.06004080804422518 0.3270904832825
3 0.8410470020687242 0.5256884774860076 0.07877317405313419 0.39313371058107655
3 0.9533897240213172 0.5439319440510078 0.09322055195736567 0.4176979526972918
