3 0.06796875 0.5328125 0.1078125 0.38203125
3 0.2203125 0.49609375 0.0671875 0.31875
3 0.1921875 0.45078125 0.05078125 0.29609375
3 0.246875 0.4375 0.03359375 0.26171875
3 0.2703125 0.48671875 0.0515625 0.33671875
3 0.30390625 0.3453125 0.0390625 0.096875
3 0.371875 0.50859375 0.05 0.3609375
3 0.33125 0.35703125 0.025 0.08203125
3 0.38828125 0.36328125 0.03046875 0.0609375
3 0.403125 0.525 0.046875 0.3515625
3 0.453125 0.50859375 0.084375 0.446875
3 0.50859375 0.515625 0.0671875 0.43984375
3 0.5640625 0.5640625 0.08359375 0.47265625
3 0.62421875 0.57890625 0.0953125 0.5375
3 0.765625 0.6265625 0.16640625 0.746875
3 0.90859375 0.62578125 0.1421875 0.7484375
3 0.6109375 0.32890625 0.0453125 0.10546875
3 0.54296875 0.328125 0.0390625 0.0875
3 0.70078125 0.3578125 0.03125 0.0875
3 0.6671875 0.36796875 0.0375 0.096875
3 0.73671875 0.31328125 0.034375 0.11640625
