3 0.617025814311871 0.7136748674942713 0.13480835469882316 0.480416811454757
3 0.7569195612868089 0.7083360169049312 0.11979188787631045 0.4503838193385416
3 0.2837689284786641 0.5137047029816322 0.05497488807270221 0.319205248100139
3 0.21101722970832806 0.5284198599917362 0.0607481651018694 0.37167628466927083
3 0.529390500687371 0.4662894147969796 0.06777434904148247 0.2367018726251736
3 0.5118343202637995 0.6635638050895837 0.12795332493918146 0.24200827488562524
3 0.9358495789462022 0.43980748850392437 0.07171643959695402 0.10868597539871541
3 0.8483268530485031 0.44167715339781316 0.04953288826909415 0.18940864532659737
3 0.7960058289462022 0.43655258909326455 0.03381698467829786 0.17341996941479162
3 0.7835240096643614 0.43313664836382004 0.038495394319218335 0.17196657218833344
3 0.7224865157144856 0.44890581230777843 0.04911018657189174 0.11675239532659738
3 0.6544950398167867 0.4512300720914242 0.0482925751355733 0.11048421153100704
3 0.6194115126894235 0.4379118012898616 0.04670280405833438 0.10576034393982639
3 0.5840956605246832 0.5988304642838894 0.07312999043383428 0.35165472539871523
3 0.16731722668326596 0.5188078174386808 0.05315785801847293 0.27541888050895835
3 0.17915921741168792 0.3635936405769446 0.022184072208706995 0.05363414627652778
3 0.21173991325515767 0.4042011099917363 0.04165221057599684 0.17750805737069442
3 0.8273194614597597 0.42634244091687573 0.02357437626704133 0.15833983007211802
