3 0.49616560563547935 0.5454426218346267 0.2308111005324557 0.6719109801033596
3 0.24526530454702017 0.5552031438907352 0.16744551577873262 0.5984746776670363
3 0.794193877867998 0.576286115817647 0.14717765579726602 0.5761293082964197
3 0.622299030500403 0.610684494905871 0.06880708601966745 0.318548543337025
3 0.5721130359426987 0.47827371066814467 0.03725944173996467 0.1294464705426357
3 0.558618476416719 0.5956416833702487 0.05706599945184578 0.20554789558877823
3 0.8478818730586746 0.5859905852805486 0.06916423928504471 0.395742099012551
3 0.364221212706539 0.1533180737172398 0.042916675497895976 0.06822836829088237
3 0.40261159011120073 0.15264624768364815 0.04316221215838478 0.07525961829088237
3 0.42386159673462265 0.10467911705426466 0.040084341377145095 0.12105297964193436
3 0.46396824156247946 0.12212623534514702 0.044689995823648763 0.11900961829088237
3 0.48408233412075086 0.08426528994093888 0.022051103991016775 0.09573280459579184
3 0.5223983004554869 0.13056859345699653 0.043871540288686006 0.09557211829088237
3 0.5248536670603754 0.06025609345699656 0.02216766587924912 0.05442668414544118
3 0.550416662251052 0.06815823102621035 0.026991575135076218 0.05863332279438913
3 0.5575818323066524 0.1320402583241063 0.048477194735189674 0.09352875693983029
3 0.6045113960089832 0.13348164481358593 0.04039187622353531 0.0852156091915837
3 0.6477901700556004 0.10493514265411759 0.04332590326537726 0.07994711829088237
3 0.7118526700556004 0.10904045418973976 0.03658482994439964 0.06548410009228504
3 0.76215277041842 0.10365084977851802 0.0368849303072194 0.07407785009228504
3 0.8910044567160892 0.11347403762458703 0.024102188111767474 0.04285812846991517
3 0.7049801327621393 0.23857775986526578 0.05208583357259684 0.1522226364894796
