3 0.5140625 0.5125 0.2078125 0.65859375
3 0.2640625 0.53828125 0.146875 0.5890625
3 0.8125 0.52421875 0.12734375 0.56796875
3 0.6421875 0.56953125 0.0578125 0.31484375
3 0.5875 0.440625 0.0328125 0.12734375
3 0.578125 0.55859375 0.05 0.20234375
3 0.86640625 0.53046875 0.05546875 0.3921875
3 0.36875 0.1296875 0.040625 0.065625
3 0.40703125 0.1265625 0.040625 0.07265625
3 0.4265625 0.07734375 0.0359375 0.11875
3 0.4671875 0.0921875 0.040625 0.11640625
3 0.4859375 0.053125 0.01875 0.09453125
3 0.52578125 0.096875 0.040625 0.09296875
3 0.52578125 0.0265625 0.0203125 0.053125
3 0.5515625 0.0328125 0.025 0.05703125
3 0.5609375 0.09609375 0.0453125 0.090625
3 0.6078125 0.09453125 0.0375 0.0828125
3 0.65 0.06328125 0.040625 0.07734375
3 0.7140625 0.06328125 0.034375 0.06328125
3 0.7640625 0.0546875 0.034375 0.071875
3 0.89296875 0.05625 0.02265625 0.04140625
3 0.71171875 0.19296875 0.046875 0.14921875
