3 0.08843183995267305 0.662425305186493 0.0704255220358335 0.20777743882958344
3 0.1495875454997564 0.6516319691304513 0.05111313079329882 0.2502734101442362
3 0.21621200104683974 0.6407113465052776 0.061977895610937674 0.2474029832825
3 0.27725860382038137 0.6346055104492359 0.07364274743454882 0.2789075564207639
3 0.3861432945498259 0.6195779628621871 0.06971896684934054 0.3116109536472223
3 0.3504960820688884 0.6414899836637498 0.05369327013597243 0.26048421153100704
3 0.42342508900274256 0.6280801406738539 0.06681086597565997 0.2537620860560416
3 0.5258422273954857 0.5889974972471176 0.0952657871378129 0.40278146751493066
3 0.4874336908263537 0.5953572532310412 0.05509276918604193 0.2870648953265974
3 0.6228445139646176 0.581273956593923 0.07157240757878505 0.32414732123840295
3 0.6800764389264926 0.5377772233114231 0.12866147501746567 0.4956963193385418
3 0.8308388519205202 0.568624566966909 0.13974183254065978 0.3678986276591667
