3 0.14934229180619019 0.6158035719039929 0.07572056899199797 0.22198540919430557
3 0.2261366168872681 0.6007403099361456 0.06422000730360064 0.2342126522604513
3 0.30685082873782116 0.5848048789903469 0.05768363514462207 0.21766093189572935
3 0.3772724228936225 0.5769183373872219 0.07115579991727454 0.22890755642076394
3 0.43814173904624665 0.5794062513311802 0.048721692368792445 0.19636716014423605
3 0.5124013993546722 0.5753350407501037 0.06718136606989873 0.2249103874428126
3 0.5758599273578493 0.5637059033072912 0.047609205761473206 0.22211204255305575
3 0.6219264038188991 0.5641955593674648 0.049884771914097216 0.21826034393982638
3 0.6713087950526011 0.5536749802452772 0.039705202515062155 0.17194838839274312
3 0.718801403818899 0.5619407687142702 0.053641017449870355 0.2097575129177777
3 0.7759690215136508 0.55280085163618 0.04811772037196978 0.2065052263486457
3 0.8441695965947286 0.5379376114198257 0.07393019805083512 0.1641547253987154
3 0.6825018449731708 0.8072175543334715 0.07065519358660843 0.15548824021635427
3 0.7688348112879508 0.7825610868185411 0.05403075527500576 0.14260638050895835
3 0.4917325689985885 0.7304407680486802 0.05353983157389965 0.11448138050895836
3 0.5537104176186167 0.7141604981970481 0.03472560186643907 0.06562565321038197
3 0.5171728997617093 0.7493719527942009 0.033227331573899656 0.11400860182361114
3 0.5625848112879508 0.7873616088543745 0.06593073741809832 0.10852232123840296
3 0.6246308437553548 0.7671750890027426 0.05497960064862326 0.10748649810013902
3 0.5905928088523188 0.703930859804305 0.03598413879807012 0.09298758700597212
3 0.6859325823912691 0.7001499367422911 0.028516512174864596 0.06782393284565984
3 0.7562178088523188 0.700075895139166 0.03569776663909145 0.07658133700597211
3 0.8091928043880919 0.7074331470390272 0.042165954950694126 0.08922680737069441
3 0.3720104042259361 0.7441603887739927 0.04516822402541774 0.08226829255305557
3 0.2590955726520365 0.8600237377478124 0.05274099066450919 0.15819501291777768
3 0.3638921668078378 0.851337109138715 0.10286767572970099 0.12187695963114606
3 0.2818666452974824 0.7634390252668748 0.05135004017804183 0.07850751291777769
3 0.33593653653118444 0.7528093433711456 0.041289247564368026 0.08373987357510426
3 0.22168312175853205 0.7664016775273262 0.05761367694751698 0.07943423328249999
3 0.20740638758684465 0.8237420520523611 0.05195005803494927 0.11288251291777769
3 0.16772232468063136 0.7707813594230555 0.03919095941492108 0.09774782218833344
3 0.12926202232772493 0.9161490640202082 0.08405917451188501 0.16282861474138882
3 0.26672111201929943 0.9152924659963192 0.08632110389503396 0.15819566612815983
3 0.09948479343104329 0.8325014158438193 0.0673938258918568 0.14760300503399293
3 0.02773048407322342 0.8241999129940277 0.05546096814644684 0.1289439240119446
3 0.7753284987887745 0.902673565067048 0.10275462743398442 0.16014002583555573
3 0.9099353238698524 0.8862647022255199 0.11415577759614023 0.18695709897381932
3 0.847218909907979 0.7658989572595132 0.06629893019392803 0.12961607123840277
3 0.9286246428618504 0.6656067101093047 0.038345479707460585 0.04931032218833344
3 0.9404973514659926 0.7012532693798603 0.04207049756436802 0.08375805737069442
3 0.9230274334469293 0.7625726290872562 0.04630403003177221 0.10259897634864572
3 0.9664637877490005 0.7795230865342005 0.04095801095704843 0.10950293977951393
3 0.8765751733006596 0.7394449068226729 0.03988643465815471 0.13759157218833346
3 0.9796553088523188 0.6948753296003464 0.017070497564368025 0.08317617591180557
