8 0.812828125 0.6927083333333334 0.3734375 0.6145833333333334
8 0.5630625 0.7736666666666667 0.1859375 0.39791666666666664
8 0.4296875 0.7848124999999999 0.1125 0.35
8 0.33984375 0.8197916666666667 0.0796875 0.2520833333333333
8 0.265953125 0.8135416666666667 0.0609375 0.21041666666666667
8 0.2234375 0.8239583333333333 0.05625 0.19375
12 0.23046875 0.3489583333333333 0.2265625 0.6979166666666666
6 0.025109375 0.610125 0.041296875 0.639875
7 0.2963125 0.9546041666666666 0.552453125 0.09077083333333333
12 0.76228125 0.17485416666666667 0.47545312500000003 0.33779166666666666
