8 0.272875 0.6837708333333333 0.51896875 0.53125
12 0.49275 0.32960416666666664 0.30021875 0.5163749999999999
3 0.8147343749999999 0.6450833333333333 0.07365625000000006 0.37352083333333325
3 0.9051406249999999 0.6889791666666666 0.07365625000000016 0.3541666666666667
7 0.57365625 0.84375 0.6741093750000001 0.3125
8 0.048546875 0.6778333333333334 0.09709375 0.40922916666666675
8 0.16462500000000002 0.6376458333333334 0.13281250000000003 0.36756249999999996
8 0.264515625 0.6480625 0.14954687499999997 0.2991041666666667
8 0.349328125 0.6592291666666666 0.08482812500000003 0.26487499999999997
8 0.42689062499999997 0.6584791666666666 0.07478125000000002 0.1800624999999999
