3 0.055117337252647225 0.5627734101442361 0.0786234265404799 0.2540712105810764
3 0.777795132301953 0.49134853865642425 0.07707278896022576 0.12049564437666671
3 0.9505019752399384 0.5430052236862855 0.07144612621616844 0.20080074021635425
3 0.7027405852240524 0.48647789427975746 0.06062562865180041 0.11777003466927098
3 0.640363316149329 0.49205444063253523 0.07530573741809832 0.10874052678548622
3 0.5709138867661798 0.4951235828250004 0.04394664326229698 0.10176317496187508
3 0.4147377991032003 0.5852004561157642 0.09937803165332984 0.3693513716752431
3 0.5334332520252996 0.5848393930454866 0.06934565827653535 0.3936422036472223
3 0.1842145020252996 0.5767112364166321 0.11727246387585266 0.589209929995868
3 0.36114914894104444 0.5574014580156252 0.0680444366867496 0.22961607123840277
