9 0.13828125 0.09453125 0.23125 0.1328125
9 0.4046875 0.08125 0.215625 0.15546875
9 0.6390625 0.08359375 0.203125 0.1484375
9 0.8765625 0.0859375 0.20625 0.15390625
9 0.14921875 0.3140625 0.203125 0.1703125
9 0.39765625 0.3140625 0.18515625 0.175
9 0.6390625 0.31875 0.203125 0.15078125
9 0.871875 0.303125 0.2046875 0.1703125
9 0.14921875 0.55546875 0.23671875 0.14609375
9 0.4046875 0.56015625 0.215625 0.13984375
9 0.64609375 0.5546875 0.20078125 0.14453125
9 0.884375 0.54296875 0.19609375 0.16015625
9 0.165625 0.78515625 0.24375 0.16640625
9 0.3984375 0.784375 0.19453125 0.1640625
9 0.5796875 0.7390625 0.11875 0.09453125
9 0.6921875 0.81328125 0.1078125 0.1109375
9 0.92265625 0.728125 0.1203125 0.08359375
9 0.91953125 0.81875 0.11484375 0.0890625
