3 0.8774079934473955 0.44392074745381266 0.11078037794350734 0.33010621801399936
3 0.8068922056439926 0.6197105407781313 0.1427596893982642 0.4624738226845901
3 0.697608777832326 0.5809287567631773 0.11912151443638912 0.42002269334818115
3 0.5923212125778468 0.6054918574156326 0.1132709047289934 0.40355280868077215
3 0.4063837125778467 0.6033282787237246 0.15420502925402815 0.41730677335295374
3 0.30769163943958283 0.6131203547103616 0.15347833064079897 0.4196414326861809
3 0.2139052718484023 0.6135919746976349 0.16405280793937535 0.43772836135422627
3 0.11410790644142321 0.4694232566836356 0.12066452422003504 0.3520903060152721
3 0.21848758833715243 0.41671697469763497 0.08023758634038218 0.25945736334340863
3 0.2978302494313191 0.3988851320416799 0.06477558729031267 0.23272214067472685
3 0.3445786160725691 0.3712964813812706 0.08254431553881965 0.22433747601049953
3 0.40304507950343715 0.3774470313892247 0.06822658919017374 0.17965168467536322
3 0.4520092563651733 0.3889572433959062 0.06468466831236128 0.22881589067472693
3 0.5224854105254858 0.38274415340545126 0.07876535210795162 0.22976077267663592
3 0.5745193827900691 0.43023731874599636 0.08705063079329882 0.2501641793443632
3 0.6610030498681594 0.3741969514242231 0.06610039152687505 0.15541475334181776
3 0.6241583197197914 0.3120327587523597 0.06392094889756965 0.19600339067472694
3 0.7706319697960413 0.39813498543917697 0.10968935020809063 0.28323121801399936
