3 0.77421875 0.6640625 0.084375 0.671875
3 0.4828125 0.62109375 0.128125 0.7578125
3 0.13203125 0.6609375 0.1421875 0.678125
3 0.29296875 0.64296875 0.109375 0.7140625
3 0.5765625 0.70546875 0.1125 0.5890625
3 0.97265625 0.60703125 0.040625 0.3859375
3 0.96953125 0.6 0.0609375 0.38125
3 0.3703125 0.68515625 0.05625 0.565625
3 0.40390625 0.6671875 0.0625 0.6046875
3 0.59921875 0.6359375 0.05625 0.61875
3 0.9078125 0.27890625 0.046875 0.225
3 0.89765625 0.4890625 0.08125 0.6359375
3 0.84375 0.27421875 0.0375 0.3546875
3 0.83515625 0.50703125 0.059375 0.61875
3 0.6453125 0.50859375 0.06875 0.6359375
