8 0.272875 0.6837708333333333 0.51896875 0.53125
12 0.49275 0.3296041666666667 0.30021875 0.516375
3 0.8147343749999999 0.6450833333333333 0.07365625 0.3735208333333333
3 0.9051406249999999 0.6889791666666666 0.07365625 0.3541666666666667
7 0.57365625 0.84375 0.674109375 0.3125
8 0.048546875 0.6778333333333334 0.09709375 0.4092291666666667
8 0.164625 0.6376458333333334 0.1328125 0.3675625
8 0.264515625 0.6480625 0.149546875 0.29910416666666667
8 0.349328125 0.6592291666666666 0.084828125 0.264875
8 0.42689062499999997 0.6584791666666666 0.07478125 0.18006250000000001
