3 0.14332534669270883 0.595006133423924 0.06477624050069468 0.269722274137315
3 0.19590548603538244 0.6088226149865921 0.046262629843368284 0.27856739641337425
3 0.24132708880892412 0.6166786736527825 0.05501938079329882 0.2526604602753446
3 0.21024008975885464 0.5879855911013786 0.054056946047778 0.27833244963168297
3 0.19959091764677123 0.4655642878830699 0.02505520459715278 0.037631039976756854
3 0.12324923603538245 0.6037419950563214 0.04179202896968768 0.22053637512605082
3 0.2239941184442019 0.6092268065725033 0.03577907152274325 0.263794702229573
3 0.3007202726045144 0.6216118281119284 0.045372277069826605 0.27382526609154334
3 0.34192650085302134 0.6159134851689643 0.044155269186041936 0.2885597554478817
3 0.3717776550133339 0.6250206873985373 0.04431827013597243 0.26205188576971244
3 0.3598926380114934 0.4830135038583977 0.02163991707809032 0.0584516383676025
3 0.305241505602674 0.48075188133023705 0.028906903210381963 0.03556044158591121
3 0.39041855223979216 0.6216443151224782 0.033671057655034975 0.2402479415859112
3 0.41234810362656305 0.6255177141337425 0.06046994699770849 0.25226162252816076
3 0.46187532494121575 0.6087015547309179 0.055801284003680784 0.2862542102753446
3 0.4881111698309727 0.6300356053513365 0.05469337889343784 0.30567619963168297
3 0.5452515226045144 0.6387111188449899 0.060597886777222595 0.29126949220632986
3 0.5868396105604171 0.6494190259020259 0.0520041367772226 0.29066855866619046
3 0.6027529384483337 0.5288551536259667 0.025872822188333443 0.03924817029858776
3 0.5654523069894448 0.501287528499916 0.022456881458888845 0.02652964901126431
3 0.6074216014423615 0.49486256587878275 0.027362587005972293 0.03623243094224939
3 0.6486129119471881 0.6560785713266644 0.04642693721406275 0.3191377660915434
3 0.6993032429692366 0.6557232922456707 0.057637194147917015 0.3316213405971755
3 0.7339483870615628 0.5356892976935524 0.03195982123840295 0.06619308255140374
3 0.7637813574262852 0.5440152499231254 0.027017748100139016 0.05492780062041867
3 0.832006640195695 0.6603229469569183 0.05629224648461815 0.3073479602753448
3 0.8335489967689588 0.5590335985660726 0.0700982137152085 0.19677644703379293
