3 0.1640625 0.58671875 0.18828125 0.3515625
3 0.31640625 0.575 0.10625 0.32890625
3 0.43046875 0.58203125 0.14765625 0.30859375
3 0.565625 0.58828125 0.17890625 0.35546875
3 0.684375 0.5828125 0.20546875 0.31953125
3 0.825 0.5890625 0.31328125 0.3265625
3 0.83515625 0.4375 0.1390625 0.19375
3 0.6953125 0.3921875 0.12890625 0.096875
3 0.55625 0.41171875 0.09921875 0.121875
3 0.4515625 0.40859375 0.10703125 0.1390625
3 0.35234375 0.40390625 0.11875 0.10390625
3 0.21875 0.42734375 0.10625 0.13515625
