3 0.1453125 0.46015625 0.13359375 0.2984375
3 0.27578125 0.51328125 0.11796875 0.35
3 0.3890625 0.59609375 0.13671875 0.47421875
3 0.64296875 0.6921875 0.1671875 0.5140625
3 0.7578125 0.59453125 0.103125 0.37578125
3 0.82578125 0.50390625 0.0796875 0.32890625
3 0.8796875 0.47734375 0.0796875 0.275
3 0.93203125 0.4265625 0.05 0.2046875
3 0.97421875 0.41875 0.0515625 0.23203125
3 0.6046875 0.30078125 0.04296875 0.09453125
3 0.5125 0.50390625 0.08203125 0.30078125
3 0.61953125 0.42734375 0.0859375 0.15546875
3 0.6921875 0.37734375 0.06640625 0.12890625
3 0.7703125 0.35 0.0609375 0.09453125
3 0.3421875 0.30546875 0.04765625 0.0609375
3 0.22890625 0.34140625 0.0375 0.09375
3 0.20234375 0.3234375 0.040625 0.065625
3 0.19296875 0.28125 0.02890625 0.0625
3 0.08515625 0.3953125 0.0765625 0.19296875
3 0.13515625 0.28359375 0.04375 0.04375
3 0.2578125 0.3171875 0.03046875 0.0671875
3 0.30390625 0.30703125 0.0265625 0.05546875
3 0.3171875 0.3671875 0.0296875 0.1015625
3 0.38203125 0.32734375 0.0375 0.06875
3 0.415625 0.3078125 0.04375 0.0734375
3 0.459375 0.3265625 0.04921875 0.07109375
3 0.48046875 0.3609375 0.0671875 0.078125
3 0.51953125 0.33359375 0.046875 0.08984375
3 0.46484375 0.28359375 0.0390625 0.05546875
3 0.8171875 0.265625 0.071875 0.16875
