3 0.07583370863108921 0.528125 0.0829191226528041 0.55546875
3 0.14568818725926275 0.33828125 0.06037948467829777 0.17265625
3 0.20256490115490927 0.36484375 0.04925108713762576 0.13984375
3 0.16358317262493155 0.61953125 0.14165325233769105 0.4453125
3 0.2558388503180287 0.6078125 0.18290496623333752 0.41875
3 0.27959957894620224 0.41796875 0.07852549668035032 0.203125
3 0.24730522941374047 0.32890625 0.041538581087501567 0.15703125
3 0.3521331090986274 0.4390625 0.07337036406859712 0.25703125
3 0.3513296540817755 0.30859375 0.07510051483072289 0.1515625
3 0.4285001663784156 0.47265625 0.07698169827935679 0.340625
3 0.45252853971859075 0.37109375 0.06048402380771343 0.190625
3 0.4252928322658519 0.62109375 0.1211044030016211 0.4046875
3 0.5924257901113743 0.63046875 0.19760327048806375 0.39375
3 0.6980308954975685 0.60703125 0.16972371018321333 0.4359375
3 0.7636786213952675 0.603125 0.17191292407885986 0.409375
3 0.8331098774453917 0.6203125 0.1782947342855145 0.43203125
3 0.9115899223303441 0.425 0.09096238504764002 0.3265625
3 0.8384660397185908 0.37109375 0.07181643354682947 0.12421875
3 0.8247353378249969 0.3140625 0.082059041958086 0.1390625
3 0.7603001331027326 0.378125 0.07427381303532492 0.14375
3 0.7199796601318997 0.32578125 0.056441418421519174 0.1671875
3 0.6781052566392993 0.40625 0.07771697560311139 0.1984375
3 0.6144109161820239 0.34296875 0.04924199677854624 0.13828125
3 0.5786047055078313 0.4546875 0.06112034894328655 0.3
3 0.5249120789462023 0.41796875 0.07466924365528822 0.21171875
