3 0.11414639675510507 0.5457485119857877 0.055964695450686275 0.22239730042954128
3 0.1962458244482022 0.5531681863414757 0.040435144221022234 0.23798467887824373
3 0.25475776121648563 0.53603491802411 0.03794140329620852 0.2120805981455492
3 0.2211640112164856 0.5377954918593997 0.02448289129415606 0.18091580732694618
3 0.16722139978016717 0.534370598711376 0.03470277380771334 0.19238557383528967
3 0.28749753834384867 0.5218152877663852 0.04334652078265124 0.20142970318850323
3 0.3251248033709634 0.5417249960432711 0.04641243344863373 0.19143722749876274
3 0.38237422198887416 0.5762361148810352 0.04500901473252705 0.218699090343633
3 0.4995526316297945 0.5685320782463037 0.040244246680350315 0.20517217887824374
3 0.4563657130118838 0.5332839750123719 0.03468459308955403 0.18926057383528966
3 0.42433446301188377 0.5349626616925318 0.02591812626704133 0.1591226944820761
3 0.542344119627742 0.5358114314802356 0.0322908461146163 0.1805439931025951
3 0.5994480925003789 0.5453225503179997 0.03180957796424355 0.23206554952503017
3 0.6213412732185382 0.5473011301461831 0.029851647344280252 0.1640149123699004
3 0.6688657130118838 0.5221473219147257 0.03852721057599666 0.17852779172311414
3 0.7000202642415477 0.5041033288121307 0.040216975603111396 0.20048467887824373
3 0.732092420857406 0.5094558921319707 0.040144252730474506 0.18798467887824372
3 0.7758242401392467 0.5040380517883377 0.05287605688700481 0.22848352611928177
3 0.8235077612164856 0.5062279935568803 0.037927767757589236 0.209736848145549
3 0.849234469062008 0.4955018554972394 0.032309026832775346 0.18366899310259513
3 0.8968907190620079 0.49300429726578193 0.03874537919390768 0.21602779172311398
3 0.3499293606507516 0.5068210515611951 0.021094270880847078 0.13543953301668682
3 0.37194071603694584 0.5291121313893786 0.032504469552987206 0.21726274310259514
3 0.3152452884420446 0.45549756897404964 0.009538626463433087 0.028616322930778537
3 0.33163335772388536 0.4515127538451872 0.01105112948849527 0.020104460085908292
3 0.394165173980664 0.45370601763999713 0.015752265027114642 0.02269387155129756
3 0.41480038172799033 0.5081102346233104 0.014712460674192584 0.11245573439616781
3 0.45068788475305244 0.4976330800553261 0.024868710674192586 0.11298800090451114
3 0.48036629439397294 0.4945147241078608 0.01938177995603354 0.10957639586155707
3 0.5012600564942213 0.4590342475136092 0.022120439695149586 0.04333392017181659
3 0.33782427038986784 0.4410289552246683 0.009497719847574793 0.021585072930778538
3 0.3504060836215844 0.45443635798363025 0.013408515027114643 0.02257104081860284
3 0.3949555143397436 0.45522757406243225 0.011032948770335959 0.016979460085908293
3 0.4300481318261863 0.44244761307201286 0.011037493949875809 0.017760710085908116
3 0.4612208637740095 0.4275286199694178 0.011092036104353475 0.027135710085908295
3 0.49480097823539015 0.42342429613412813 0.011064765027114731 0.022448210085908294
3 0.5089498366466465 0.4375310617379604 0.01574771984757497 0.021912621551297563
3 0.5205504119786115 0.41660440807448723 0.009543171642972937 0.029397572930778538
3 0.5440242734149299 0.421626100747541 0.013431240924813714 0.02647729081860284
3 0.5697146198241337 0.4046499626879001 0.015761355386194255 0.024256371551297562
3 0.26748904449216876 0.44080762720550704 0.014217036104353476 0.027299484396167806
3 0.5332822161351417 0.4557930608334493 0.014998286104353475 0.027340427973732772
3 0.6334958395735126 0.48727103290514506 0.022420421544777015 0.09489642017181658
3 0.622240177005726 0.43315674299105333 0.016569876463433175 0.028984815128862352
3 0.6129060836215844 0.4406793159218319 0.02046703610435365 0.02762703301668683
3 0.6543032432625047 0.43694680631089344 0.013458512002052458 0.03116479081860284
3 0.6514554992144331 0.48476683062115294 0.021112451599006477 0.13856453301668664
3 0.6762100595192834 0.4412691361390769 0.016615328258831143 0.03679731512886235
