3 0.11484375 0.46171875 0.0890625 0.44921875
3 0.17734375 0.46484375 0.075 0.36875
3 0.20703125 0.296875 0.05234375 0.1390625
3 0.2359375 0.45546875 0.065625 0.20234375
3 0.32265625 0.32734375 0.06328125 0.09765625
3 0.25234375 0.33671875 0.0421875 0.1171875
3 0.27890625 0.32890625 0.04375 0.19140625
3 0.2546875 0.62421875 0.140625 0.3078125
3 0.4265625 0.63203125 0.2234375 0.3046875
3 0.64375 0.64453125 0.2015625 0.29375
3 0.8640625 0.64140625 0.24296875 0.378125
3 0.85078125 0.42734375 0.0875 0.3265625
3 0.790625 0.40625 0.0625 0.225
3 0.7359375 0.465625 0.07109375 0.22578125
3 0.70625 0.33125 0.0515625 0.09453125
3 0.740625 0.253125 0.05078125 0.11875
3 0.6671875 0.2953125 0.046875 0.1671875
3 0.37265625 0.3171875 0.05625 0.19296875
3 0.4390625 0.303125 0.0515625 0.13984375
3 0.41875 0.38828125 0.0546875 0.21640625
3 0.340625 0.45859375 0.08203125 0.16015625
3 0.4796875 0.3375 0.0671875 0.14609375
3 0.53125 0.39609375 0.06171875 0.22421875
3 0.5875 0.36015625 0.075 0.234375
3 0.64609375 0.3546875 0.06953125 0.153125
3 0.7140625 0.3671875 0.0765625 0.1859375
