3 0.50625 0.403125 0.059375 0.2390625
3 0.29609375 0.43046875 0.0765625 0.16171875
3 0.08203125 0.46171875 0.09375 0.18828125
3 0.1328125 0.5265625 0.0765625 0.19296875
3 0.18828125 0.6265625 0.103125 0.33125
3 0.3484375 0.7390625 0.20234375 0.40859375
3 0.55234375 0.85234375 0.20625 0.2953125
3 0.88046875 0.88828125 0.2390625 0.2234375
3 0.07265625 0.8578125 0.1453125 0.284375
3 0.721875 0.625 0.078125 0.16796875
3 0.62578125 0.70390625 0.16796875 0.3140625
3 0.4609375 0.53046875 0.1328125 0.2765625
3 0.378125 0.4875 0.0734375 0.24453125
3 0.653125 0.58984375 0.059375 0.1453125
3 0.60625 0.53828125 0.040625 0.08828125
3 0.54296875 0.525 0.0515625 0.1203125
3 0.1234375 0.33984375 0.1296875 0.2234375
3 0.015625 0.253125 0.03125 0.09921875
3 0.0546875 0.2765625 0.0546875 0.1265625
