2 0.42908653846153844 0.21033653846153846 0.19831730769230768 0.039663461538461536
2 0.17427884615384615 0.21153846153846154 0.08774038461538461 0.04326923076923077
2 0.25961538461538464 0.21875 0.13221153846153846 0.05048076923076923
2 0.06370192307692307 0.23557692307692307 0.12740384615384615 0.09615384615384616
2 0.46875 0.4951923076923077 0.9375 0.6057692307692307
2 0.9350961538461539 0.20552884615384615 0.0673076923076923 0.040865384615384616
2 0.8653846153846154 0.20793269230769232 0.0673076923076923 0.036057692307692304
2 0.7824519230769231 0.19110576923076922 0.11538461538461539 0.04567307692307692
2 0.6550480769230769 0.19230769230769232 0.1141826923076923 0.037259615384615384
2 0.5372596153846154 0.19471153846153846 0.0985576923076923 0.042067307692307696
