3 0.1640625 0.6390625 0.16875 0.6421875
3 0.29375 0.6453125 0.1546875 0.63046875
3 0.4109375 0.621875 0.134375 0.58359375
3 0.55 0.62734375 0.1625 0.58671875
3 0.6734375 0.61953125 0.1328125 0.6015625
3 0.825 0.62578125 0.146875 0.6296875
3 0.771875 0.3328125 0.0765625 0.31796875
3 0.67734375 0.27890625 0.0796875 0.18671875
3 0.5671875 0.259375 0.090625 0.1796875
3 0.41328125 0.2484375 0.11328125 0.2
3 0.2890625 0.25234375 0.0984375 0.17734375
3 0.159375 0.2609375 0.10546875 0.14921875
