3 0.19372463862545136 0.44248144454068405 0.11195104836328262 0.3629465920086702
3 0.2355016470052286 0.6742088576525115 0.13925168276559194 0.28264444198043537
3 0.4016100318032493 0.6134519101280556 0.07780205423577727 0.1542772472985769
3 0.3572569750601894 0.7392107733245874 0.1492715404457238 0.27854847618130235
3 0.5080442367386718 0.6939955258142491 0.09516906215333627 0.2418605472844595
3 0.552940514252272 0.46888140472520934 0.060023520849682474 0.13296368942018652
3 0.6090541219324039 0.476845094145396 0.051239554235777265 0.15273015785015537
3 0.6574377976383667 0.4546207546263873 0.06733591567683313 0.11623121572854575
3 0.7222731874509524 0.43178947035493315 0.038688078450672236 0.09662437101845249
3 0.6336041778840409 0.655136694117161 0.10769179420664762 0.2433698393778343
3 0.846388985880742 0.5501438991811888 0.08159464396922048 0.15059851045275643
3 0.794252172869476 0.6206692308076895 0.08432483887551356 0.1640162683452644
3 0.726624403669146 0.6049917519249642 0.06643865690134447 0.1926117052052021
3 0.8196887789002553 0.7684920807794549 0.14714675079142267 0.3127414656579587
3 0.9133538623654924 0.7230801412180939 0.08139606716790126 0.1973825051910847
3 0.9666296265512575 0.6940975674841008 0.03539324538114634 0.1978228499717652
3 0.6811969287419707 0.821466620383168 0.1859963021242063 0.334502344568919
3 0.9305711399455996 0.9360395416698518 0.08808633636823089 0.12792091666029642
3 0.7949602488793728 0.9466365009624822 0.16217705423577727 0.10672699807503569
