3 0.4945202604913483 0.42080363955519723 0.06633100831327035 0.24113592068857254
3 0.28356838862545136 0.4408085715916972 0.08126803503544747 0.16439237141421187
3 0.06859660649299773 0.4645833443723699 0.09922842484803307 0.1915550721398514
3 0.11749109606815647 0.5312004146981227 0.08217731716790114 0.19564237141421187
3 0.17005014324430484 0.6331374261308682 0.11276339060400842 0.33485120435383636
3 0.3269329775674718 0.7512302056197809 0.2142326138818312 0.4156597494518458
3 0.5275430798373274 0.8601872822100605 0.21484271615168674 0.27962543557987907
3 0.8546224053850058 0.9015675115175634 0.24556386724704354 0.19686497696487315
3 0.062244969583406015 0.8578125 0.12448993916681203 0.284375
3 0.7036893573509275 0.6502084304768554 0.08301239146193815 0.17069693511654266
3 0.6052996699664821 0.7257590127835077 0.17710703543115897 0.31992809800056693
3 0.4455024358015997 0.5465650421876025 0.14085964687221447 0.28120041469812274
3 0.3639401987337235 0.5007044159640671 0.08055263268644959 0.24709574400955034
3 0.6359622997499379 0.6126513775742978 0.06360316191590946 0.14738592068857254
3 0.5905876152684864 0.559451966504372 0.04319372202418137 0.08969990626060227
3 0.5276928101747792 0.5439608865599723 0.055063236209946353 0.12211310217691818
3 0.11354905680956687 0.3441542824841376 0.1361888672470434 0.22796628729346108
3 0.012664150056197893 0.25367063702330855 0.025328300112395785 0.10031002404661712
3 0.04664035312778544 0.27847222958157997 0.05837009263643718 0.1284722295815799
