3 0.6555705091553107 0.5918186462360732 0.18507450379783313 0.7489471672787225
3 0.3825521606065895 0.6038093657712122 0.143777348085385 0.5032999563683974
3 0.19900305062512297 0.5677927621279716 0.08053327050323804 0.2761158319723712
3 0.5855407513507623 0.6164840642637017 0.09697672603820102 0.30082878954871684
3 0.8146925380112513 0.6422007677571612 0.10460817676384053 0.318590245458072
3 0.31314739617861925 0.5794473524352927 0.07478177830778635 0.2452644446994677
3 0.19599706859647228 0.34786289940087517 0.030744057711881066 0.07729582363742163
3 0.22612107821511912 0.36278626879593134 0.031815484390903315 0.06336086939505617
3 0.2827257422802697 0.3775341660707746 0.03771082032575279 0.05371480242559432
3 0.3065997518989166 0.39194735243529266 0.019895837748947896 0.03434304909161447
3 0.03726694245775494 0.5764030033339799 0.03901291469812275 0.1356185066679597
3 0.0694346017135821 0.5829239413654879 0.041592277674814195 0.12024859818322878
3 0.10696188356474752 0.5867662895487167 0.042209836567821624 0.11562487106204618
3 0.14293658909971035 0.6130735690954937 0.036277295098009345 0.10189721091032525
3 0.1372024550716267 0.5604109547014074 0.029570938111767652 0.04370207363742153
3 0.2556449202252364 0.6059143865239975 0.042445449544513104 0.1000636439408634
3 0.41769105243922156 0.6284903724391719 0.03980159918169335 0.09127857530441155
3 0.4481325205880561 0.6301962647130454 0.03467758956304649 0.07839593803150784
3 0.38184528855940536 0.4051007988017504 0.02407490626060227 0.04247441348570078
3 0.36312257041057083 0.4043514997101359 0.014246038474587408 0.051020366061076315
