3 0.06796875 0.49453125 0.0546875 0.60859375
3 0.13359375 0.53984375 0.05078125 0.56328125
3 0.64140625 0.44375 0.0375 0.52109375
3 0.53828125 0.38828125 0.03515625 0.15703125
3 0.4953125 0.4140625 0.04609375 0.13671875
3 0.678125 0.46640625 0.0359375 0.35703125
3 0.746875 0.3796875 0.02734375 0.4125
3 0.76796875 0.46875 0.0265625 0.4546875
3 0.790625 0.46484375 0.025 0.5
3 0.815625 0.440625 0.0328125 0.53828125
3 0.89609375 0.46484375 0.028125 0.5
3 0.921875 0.47734375 0.034375 0.5171875
3 0.940625 0.4703125 0.05234375 0.51015625
3 0.78125 0.22890625 0.02109375 0.090625
3 0.72109375 0.4265625 0.0171875 0.5
