3 0.6734776940642698 0.46955137149346343 0.07004251670908897 0.3128863402608838
3 0.5370680267345423 0.49690927791292994 0.03468517735518084 0.16112839754067193
3 0.5261668894016333 0.5000979104264873 0.023629498687135354 0.15090851502711472
3 0.48713166140195135 0.5026689194034778 0.034367551360589665 0.20096760236113215
3 0.4666464387332697 0.48794334407151274 0.027272666693180625 0.19545794574527378
3 0.42444984806649694 0.48740753376666246 0.04029992536599849 0.24084316861791083
3 0.40576348273390594 0.4929853680756178 0.038455614696044194 0.21661532825883115
3 0.31667371073358785 0.4911597685431561 0.06703514803468025 0.2558414547222643
3 0.21036916673295147 0.4870904129605701 0.06580900270527099 0.2847386143631848
3 0.16824530140036056 0.49280460265571974 0.07450275003977085 0.2933823613381227
3 0.030799845400996888 0.4982920542547261 0.05312773671227063 0.336223846311008
