3 0.11358795088691384 0.8610853294493108 0.09756434131313227 0.26978225829787306
3 0.23838339934478628 0.8406257279563718 0.06359844439738734 0.29081602413731533
3 0.2959777110331836 0.8240830841408877 0.042173457790068 0.31506762512605063
3 0.33858795088691385 0.8453517967620208 0.054595591313132276 0.26677759059717554
3 0.4047078287279353 0.8243019694063971 0.05596322240056466 0.30042597091900625
3 0.47352601257531113 0.8234007510852808 0.061295604705812856 0.2929958831718224
3 0.526801017039538 0.8282796392007817 0.04224559577735913 0.2744972554478817
3 0.5608214610331836 0.8055634050402236 0.039874572238408845 0.2727708644823892
3 0.6055299890363608 0.8126057266958642 0.04947171468992693 0.24144980866619042
3 0.6520777065689567 0.7905779073860122 0.0427853380667214 0.21601276609154335
3 0.6765867828678506 0.7607047370874243 0.032469400972934534 0.161450952229573
3 0.6904856416341486 0.7503463912944688 0.025410877433984423 0.1593967793330952
3 0.7035896136309713 0.739261425823344 0.03245576420345948 0.16066970222957302
3 0.7166254017804183 0.7242702103522192 0.023780193586608434 0.15538126868943342
3 0.7383913076246169 0.716490561340955 0.022739844966580235 0.1404828883676025
3 0.7555378973161915 0.7129449442606759 0.01784779342445262 0.1284363564366174
3 0.7724117516182625 0.6937743271803967 0.01116141680124727 0.10299931386197052
3 0.7904486854656383 0.6964240797782868 0.02035913879807012 0.09349862772394087
3 0.8160662942319362 0.6852462791578683 0.017220502028595062 0.09249885643661741
3 0.801976520692986 0.6846671249508238 0.017165954950694128 0.08937385643661741
3 0.8410253839235109 0.6811543588592804 0.018632997564368026 0.08401436708027905
3 0.8635725397677094 0.6733200795261853 0.015507997564368025 0.0837958457929556
3 0.8681918559203335 0.6690860475952001 0.01705686079489297 0.08312385643661742
3 0.838054342527653 0.645380749824773 0.01474433847375849 0.0400458457929556
