2 0.7632211538461539 0.02403846153846154 0.038461538461538464 0.046875
2 0.6322115384615384 0.23798076923076922 0.052884615384615384 0.08774038461538461
2 0.9110576923076923 0.24158653846153846 0.0625 0.09014423076923077
2 0.9110576923076923 0.31490384615384615 0.07091346153846154 0.08533653846153846
2 0.7295673076923077 0.040865384615384616 0.03245192307692308 0.056490384615384616
2 0.8197115384615384 0.04326923076923077 0.027644230769230768 0.04447115384615385
2 0.6742788461538461 0.43149038461538464 0.1045673076923077 0.15144230769230768
2 0.7788461538461539 0.04567307692307692 0.027644230769230768 0.03125
2 0.9014423076923077 0.5132211538461539 0.11778846153846154 0.1971153846153846
16 0.32572115384615385 0.5625 0.5564903846153846 0.7512019230769231
2 0.4639423076923077 0.7463942307692307 0.21033653846153846 0.34615384615384615
2 0.6358173076923077 0.859375 0.22355769230769232 0.27283653846153844
2 0.7524038461538461 0.09615384615384616 0.02283653846153846 0.03125
16 0.6610576923076923 0.10697115384615384 0.07451923076923077 0.19951923076923078
2 0.8870192307692307 0.10817307692307693 0.039663461538461536 0.078125
2 0.7536057692307693 0.13701923076923078 0.027644230769230768 0.051682692307692304
16 0.8125 0.17548076923076922 0.08653846153846154 0.27524038461538464
2 0.7271634615384616 0.18269230769230768 0.05048076923076923 0.07091346153846154
2 0.7920673076923077 0.020432692307692308 0.027644230769230768 0.040865384615384616
