3 0.10390625 0.66484375 0.065625 0.20625
3 0.16484375 0.65546875 0.0453125 0.24921875
3 0.23125 0.64609375 0.05625 0.24609375
3 0.2921875 0.64140625 0.0671875 0.27734375
3 0.40078125 0.62890625 0.0625 0.31015625
3 0.365625 0.65 0.04765625 0.259375
3 0.43828125 0.63828125 0.0609375 0.25234375
3 0.53984375 0.6015625 0.0859375 0.40078125
3 0.5015625 0.60703125 0.0484375 0.2859375
3 0.63671875 0.59609375 0.0640625 0.32265625
3 0.69296875 0.55390625 0.1171875 0.49296875
3 0.84453125 0.58828125 0.13125 0.36484375
