3 0.96328125 0.27265625 0.0734375 0.3171875
3 0.83046875 0.24921875 0.184375 0.328125
3 0.61953125 0.203125 0.20625 0.35
3 0.4078125 0.171875 0.196875 0.34375
3 0.18203125 0.146875 0.2109375 0.29375
3 0.91796875 0.6265625 0.1640625 0.328125
3 0.76328125 0.61171875 0.1890625 0.3046875
3 0.55 0.55546875 0.246875 0.3390625
3 0.328125 0.51328125 0.2 0.328125
3 0.08828125 0.46328125 0.1359375 0.3203125
3 0.86640625 0.90859375 0.1453125 0.1828125
3 0.6859375 0.89140625 0.2 0.2171875
3 0.46640625 0.86640625 0.1796875 0.2671875
3 0.25 0.8234375 0.1671875 0.28125
3 0.059375 0.78515625 0.11875 0.2671875
