3 0.08051214640999615 0.5940287963182186 0.06175716857982692 0.24455999373179385
3 0.2278070320659466 0.5054246005539961 0.038353109329484616 0.13771896034569905
3 0.25917069233250334 0.5102401326864496 0.02508021951689905 0.1107927474927175
3 0.279404287476223 0.6154277378592992 0.055657932765591944 0.2763866552519918
3 0.349071929796091 0.6221383906040084 0.04937684052486606 0.30196331677218974
3 0.3089781272096663 0.6123853058851301 0.07014398159109288 0.3181793501582845
3 0.4022878580093364 0.6268091702291796 0.07123746865896904 0.2752787963182186
3 0.47875106960867664 0.6524516794003796 0.07514973033745172 0.3292532424781527
3 0.6087424464891384 0.6398416823033735 0.051956271245393995 0.283304244985435
3 0.5493387027573446 0.5834720103583343 0.048620671087109456 0.22232128087881248
3 0.5037761501709198 0.5735598012662765 0.044478740366581525 0.2409348885589445
3 0.055576679400379594 0.4613837808788124 0.032568459092057744 0.04622178213245363
3 0.2517015216411053 0.44133100831327016 0.020409439891727922 0.057576819279472245
3 0.3476732511871342 0.46676056881725375 0.028509096397360878 0.0945001577592743
3 0.37138353582687034 0.47681753041659397 0.024625578450672238 0.0951677474927175
3 0.38995167940037956 0.47111309969606613 0.02706861685133193 0.07182117570596294
3 0.4447444794795219 0.5031503613745487 0.023676843890078382 0.11621603338609496
3 0.2983037370013693 0.4333199315119506 0.019932066772189748 0.04117056927947225
3 0.2811162370013693 0.43281982633910115 0.01836956677218975 0.04112510517284953
3 0.778773801661988 0.6619620378719343 0.05268369695135675 0.308304244985435
3 0.7419126476636373 0.6023453454729241 0.038600813406977255 0.22671326418576498
3 0.763752892253361 0.4944790211788869 0.0201366552519918 0.048201819279472244
3 0.7011596155311837 0.5699360107540457 0.046847570928824925 0.16138378087881228
3 0.6736794732113157 0.5644528888881487 0.04024822994174038 0.17602294239901042
3 0.6313101167848251 0.5569753580093364 0.038049232449022696 0.1541024782923877
3 0.6038466948397858 0.4984127002500621 0.0322274782923877 0.03450303213245363
3 0.5714350116119755 0.5380602219576744 0.03836748119538154 0.1650399782923877
