3 0.12325122736795083 0.66484375 0.07162626207419391 0.20625
3 0.18391594272821474 0.65546875 0.05256402500631765 0.24921875
3 0.25004940808847864 0.64609375 0.06341059679307222 0.24609375
3 0.3108505157686106 0.64140625 0.07525737892552593 0.27734375
3 0.4190805529156291 0.62890625 0.07152462516460219 0.31015625
3 0.38453806835503535 0.65 0.05520329169936504 0.259375
3 0.4568533375553653 0.63828125 0.06827995321956308 0.25234375
3 0.5573474310497323 0.6015625 0.09759904334871763 0.40078125
3 0.5192253054229117 0.60703125 0.056757431511950604 0.2859375
3 0.6540633066765528 0.59609375 0.07345083801758356 0.32265625
3 0.7090857757977405 0.55390625 0.1315314256394558 0.49296875
3 0.8616484861434394 0.58828125 0.14186586889639585 0.36484375
