3 0.07890625 0.528125 0.0796875 0.55546875
3 0.14765625 0.33828125 0.059375 0.17265625
3 0.2046875 0.36484375 0.0484375 0.13984375
3 0.1671875 0.61953125 0.1390625 0.4453125
3 0.259375 0.6078125 0.18046875 0.41875
3 0.28203125 0.41796875 0.07734375 0.203125
3 0.24921875 0.32890625 0.040625 0.15703125
3 0.3546875 0.4390625 0.071875 0.25703125
3 0.353125 0.30859375 0.07421875 0.1515625
3 0.43125 0.47265625 0.075 0.340625
3 0.4546875 0.37109375 0.059375 0.190625
3 0.42890625 0.62109375 0.11875 0.4046875
3 0.59609375 0.63046875 0.1953125 0.39375
3 0.7015625 0.60703125 0.1671875 0.4359375
3 0.7671875 0.603125 0.16953125 0.409375
3 0.83671875 0.6203125 0.17578125 0.43203125
3 0.9140625 0.425 0.0890625 0.3265625
3 0.840625 0.37109375 0.07109375 0.12421875
3 0.8265625 0.3140625 0.08125 0.1390625
3 0.7625 0.378125 0.0734375 0.14375
3 0.721875 0.32578125 0.05546875 0.1671875
3 0.68046875 0.40625 0.0765625 0.1984375
3 0.61640625 0.34296875 0.0484375 0.13828125
3 0.58125 0.4546875 0.059375 0.3
3 0.52734375 0.41796875 0.0734375 0.21171875
