3 0.0984375 0.86796875 0.09296875 0.26328125
3 0.2234375 0.85625 0.05859375 0.28671875
3 0.28125 0.84375 0.03671875 0.3125
3 0.3234375 0.86796875 0.05 0.26328125
3 0.38984375 0.8515625 0.05078125 0.296875
3 0.45859375 0.85546875 0.05625 0.2890625
3 0.51171875 0.8640625 0.0375 0.271875
3 0.54609375 0.84375 0.03515625 0.2703125
3 0.590625 0.85390625 0.0453125 0.23828125
3 0.6375 0.83515625 0.0390625 0.21328125
3 0.6625 0.80703125 0.0296875 0.159375
3 0.6765625 0.79765625 0.02265625 0.1578125
3 0.68984375 0.7875 0.0296875 0.15859375
3 0.703125 0.7734375 0.02109375 0.15390625
3 0.725 0.7671875 0.0203125 0.1390625
3 0.7421875 0.76484375 0.015625 0.12734375
3 0.759375 0.746875 0.009375 0.10234375
3 0.77734375 0.75078125 0.01875 0.0921875
3 0.803125 0.74140625 0.015625 0.09140625
3 0.7890625 0.73984375 0.015625 0.08828125
3 0.828125 0.7390625 0.0171875 0.0828125
3 0.85078125 0.7328125 0.0140625 0.0828125
3 0.85546875 0.72890625 0.015625 0.08203125
3 0.82578125 0.703125 0.0140625 0.0390625
