2 0.140625 0.24519230769230768 0.06850961538461539 0.05048076923076923
2 0.036057692307692304 0.25841346153846156 0.052884615384615384 0.05048076923076923
2 0.0829326923076923 0.2512019230769231 0.056490384615384616 0.039663461538461536
2 0.18028846153846154 0.24759615384615385 0.030048076923076924 0.027644230769230768
2 0.765625 0.23197115384615385 0.16706730769230768 0.12139423076923077
2 0.875 0.21754807692307693 0.04927884615384615 0.0625
2 0.8978365384615384 0.20673076923076922 0.038461538461538464 0.039663461538461536
2 0.9206730769230769 0.19951923076923078 0.037259615384615384 0.038461538461538464
15 0.5060096153846154 0.20432692307692307 0.11177884615384616 0.057692307692307696
15 0.4230769230769231 0.20793269230769232 0.06009615384615385 0.05048076923076923
2 0.22596153846153846 0.23918269230769232 0.03485576923076923 0.03245192307692308
2 0.4182692307692308 0.39663461538461536 0.7896634615384616 0.36658653846153844
