3 0.06046371861217074 0.5239896986659476 0.09908489617861924 0.5596449949116173
3 0.1358432084453697 0.3305429138402385 0.0654042891075596 0.17576796189493055
3 0.19194687550574513 0.3541165326780025 0.05332095135861161 0.14238225180902236
3 0.14555299202581568 0.6107693244011165 0.15461315516429391 0.4526004568065479
3 0.23814971979329708 0.5942192322484612 0.19509182222466936 0.4282079664174862
3 0.26743545962649606 0.4031881184990798 0.08443703130301125 0.20717841417892266
3 0.23773309065935483 0.3158452487568046 0.04610865208425104 0.1591603160333735
3 0.3393550996450295 0.42047411578554633 0.08085072903342586 0.2607980591359686
3 0.342348668789656 0.29008725294067605 0.07951142912609299 0.15545213986866324
3 0.41474448004491615 0.45005539518418847 0.08689488710812654 0.3445555834462281
3 0.4417286206964217 0.3472645878572422 0.06603177168436432 0.19373671189493055
3 0.40721717832348486 0.5986157259168831 0.13288199890369157 0.4109109237898611
3 0.5740772961094998 0.5992288003179997 0.20906255298737567 0.403985894391219
3 0.6803645016444625 0.5702639173467414 0.1824107729503087 0.44469942559888337
3 0.7461259109002896 0.5629184068312918 0.18382694001068423 0.4182597563315781
3 0.8150569601746502 0.5764619284280179 0.19086811369448178 0.4412435549520971
3 0.8992211729660072 0.37709601424909517 0.10046631378714892 0.33123006784239584
3 0.8276661206964218 0.3270384605401935 0.07543156433530314 0.12794461555840364
3 0.815595195831498 0.27074419493636126 0.08610616950744614 0.14332063206674714
3 0.7492955840359329 0.3381640682966811 0.0784573606144388 0.14759869629109837
3 0.7104984680640165 0.2879493843300546 0.061307066149401554 0.17009449400710616
3 0.6662821873939775 0.37058814394099304 0.08349209019601869 0.2024499706013579
3 0.6044295173383771 0.31066426730131286 0.05326638765628076 0.14081975180902226
3 0.565371962621721 0.4242254782917323 0.06985123084752427 0.3031117118949306
3 0.512747959626496 0.3903318351437087 0.0808308816658311 0.21556744629109836
