3 0.0671875 0.19453125 0.134375 0.2953125
3 0.24140625 0.18984375 0.140625 0.2984375
3 0.44296875 0.171875 0.1578125 0.31875
3 0.64375 0.1640625 0.1484375 0.31875
3 0.859375 0.15 0.165625 0.3
3 0.09609375 0.5328125 0.1640625 0.3015625
3 0.26328125 0.5359375 0.1484375 0.275
3 0.46875 0.5078125 0.2 0.3015625
3 0.6796875 0.49375 0.1546875 0.2984375
3 0.90859375 0.47421875 0.09375 0.296875
3 0.11171875 0.85859375 0.1453125 0.2828125
3 0.29921875 0.8421875 0.1625 0.265625
3 0.5109375 0.83203125 0.1453125 0.2921875
3 0.71953125 0.81640625 0.1328125 0.30625
3 0.92734375 0.79765625 0.1453125 0.2703125
