3 0.703125 0.26328125 0.07265625 0.14375
3 0.57578125 0.3921875 0.05078125 0.11484375
3 0.5359375 0.41953125 0.0578125 0.14140625
3 0.509375 0.36171875 0.04453125 0.08046875
3 0.4609375 0.3390625 0.0546875 0.08359375
3 0.4140625 0.3484375 0.04375 0.10546875
3 0.36640625 0.3234375 0.0375 0.07890625
3 0.33515625 0.35625 0.075 0.10390625
3 0.275 0.32734375 0.03984375 0.05703125
3 0.246875 0.38828125 0.0515625 0.10703125
3 0.31484375 0.42734375 0.0640625 0.10703125
3 0.4796875 0.540625 0.0953125 0.17421875
3 0.4140625 0.6515625 0.2203125 0.41328125
3 0.26953125 0.56875 0.1171875 0.29453125
3 0.16640625 0.4921875 0.1203125 0.30546875
3 0.07734375 0.4140625 0.1296875 0.284375
3 0.15859375 0.32734375 0.06015625 0.09609375
3 0.015625 0.35859375 0.03125 0.2703125
3 0.58203125 0.60546875 0.16875 0.18828125
3 0.746875 0.70703125 0.1171875 0.2625
3 0.6125 0.8046875 0.3484375 0.3875
3 0.1890625 0.85 0.2703125 0.3
3 0.725 0.52890625 0.09765625 0.1484375
3 0.93046875 0.54765625 0.0859375 0.12265625
3 0.92578125 0.7375 0.1484375 0.3078125
