3 0.1777185304882991 0.5953169012886239 0.19646395801562527 0.3614299021931352
3 0.3297895235544449 0.5915821489137747 0.11390537794350716 0.33447457654882307
3 0.4440156777147575 0.6045911612382466 0.15483884925815997 0.3163320861597615
3 0.5793173980794797 0.6179244001569701 0.1871798769935767 0.3648448292623566
3 0.6979401115103477 0.6186790739468313 0.2129059223964239 0.33029941089956233
3 0.83871058187507 0.632298917908509 0.32088207655673634 0.34298087460351534
3 0.845339175530556 0.4812686844168524 0.14357208130638882 0.20103795680654796
3 0.7044407653863198 0.42862728403273953 0.1311610406531944 0.10363069029820444
3 0.5658328602760767 0.4408705772261917 0.10205542211208343 0.12707483435073924
3 0.4610726250937157 0.4322591378324983 0.11026796561506949 0.14467177012638804
3 0.361744772320174 0.42237180348175907 0.12116844481350704 0.11012967378986112
3 0.22869653618788227 0.43880795171816533 0.10939579663711818 0.14072457654882306
