3 0.957773250559874 0.5057341057571874 0.08445349888025219 0.6411655854013955
3 0.8878611527070334 0.5373772256874579 0.08321910450243167 0.6126035428267486
3 0.807969119627742 0.5077932685142065 0.08188840865896196 0.6523380321830867
3 0.7659816075274936 0.5451183058930733 0.07575203814745705 0.6714322396084398
3 0.6729992219888741 0.5492755641909466 0.08859695091163537 0.5973609550795645
3 0.6386878545024315 0.5626167983515047 0.07053275214129932 0.5796982076774546
3 0.5605583093228917 0.5672985805345914 0.09655489665690915 0.6229072582978732
3 0.4846588846548567 0.5522852217521856 0.08939183645025466 0.5997593354013955
3 0.41355149911623723 0.5549128310387945 0.07684638465485669 0.5910727502521015
3 0.36038559250037894 0.5515964429232936 0.05562991480728181 0.568503981562668
3 0.28773843285945855 0.5582395628535642 0.08441799013924678 0.5502128034704101
3 0.23778388465485664 0.5695484034507398 0.060639601673761145 0.48998014381548405
3 0.20331291500367352 0.421116257289467 0.04856528590796181 0.15958244963168297
3 0.15445375506816555 0.6207063478866426 0.08386802341492991 0.45568155347041034
3 0.10533045383850155 0.6405543081619871 0.06029871320827547 0.4313863938154842
3 0.07964010742929772 0.6579821087824058 0.06040779751723084 0.4501363938154842
3 0.03631683342519263 0.6000492764831036 0.06861572813719423 0.518651447033793
3 0.09132145423128502 0.38205339331128113 0.0690459575509347 0.18990908799928546
3 0.13635215309981685 0.3304473346450908 0.044227243851679934 0.08509054802252862
3 0.14531860782208117 0.39390890110495125 0.06211872579950315 0.07306579542463858
3 0.19385155659241718 0.4069280711514375 0.0452993853422277 0.13514517834435952
3 0.06539930366555094 0.3596374439316997 0.02789826190385667 0.09722456126408038
