3 0.0387763105904126 0.5609278173704402 0.07715503536758934 0.2536392431001412
3 0.7640223059357302 0.46000528206695757 0.0763817813494537 0.12005912986961623
3 0.9353427752625942 0.5046614427824202 0.0702868700270443 0.20040514894433983
3 0.6890586686028211 0.45818941193657386 0.05994825934913557 0.11742900771063773
3 0.6264768526018666 0.46631160349458745 0.07468292134786303 0.10831310633066593
3 0.5568910586012302 0.47221277597787753 0.04336019601368122 0.10151763555165907
3 0.3979876785885036 0.5687174034118619 0.09724136338317954 0.3688102755675452
3 0.5167740412555946 0.5635196144516361 0.06706351471990679 0.39327844155801356
3 0.16755529125559449 0.5696152504070371 0.11385834074631455 0.5885869874180983
3 0.34517176125877613 0.5430822037361736 0.06671697469763486 0.22924321509696402
