3 0.8515625 0.56796875 0.084375 0.32265625
3 0.94609375 0.56328125 0.1078125 0.32578125
3 0.70078125 0.57109375 0.0859375 0.2875
3 0.2765625 0.61796875 0.0625 0.22421875
3 0.12890625 0.55546875 0.0828125 0.31015625
3 0.0359375 0.58515625 0.071875 0.29140625
3 0.06015625 0.18046875 0.0484375 0.07421875
3 0.1109375 0.1875 0.0515625 0.078125
3 0.04296875 0.15546875 0.0328125 0.065625
3 0.09296875 0.1421875 0.028125 0.0734375
3 0.075 0.09453125 0.03203125 0.096875
3 0.24296875 0.07890625 0.0234375 0.08203125
3 0.17578125 0.13203125 0.034375 0.0734375
3 0.16328125 0.20390625 0.040625 0.0890625
3 0.21328125 0.19765625 0.03203125 0.06796875
3 0.2484375 0.1859375 0.0359375 0.08515625
3 0.2203125 0.16171875 0.0203125 0.02890625
3 0.225 0.1296875 0.02578125 0.06640625
3 0.13046875 0.1375 0.03046875 0.0421875
3 0.1875 0.12578125 0.01875 0.03125
3 0.2765625 0.1640625 0.02890625 0.090625
3 0.30859375 0.17890625 0.0328125 0.06953125
3 0.34921875 0.18203125 0.0359375 0.05859375
3 0.33203125 0.0921875 0.04375 0.10625
3 0.2828125 0.08515625 0.0421875 0.0921875
3 0.3796875 0.103125 0.03515625 0.12265625
3 0.41796875 0.19140625 0.034375 0.05
3 0.4109375 0.17578125 0.0203125 0.03515625
3 0.4234375 0.09921875 0.05 0.11875
3 0.38046875 0.028125 0.04375 0.05546875
3 0.4265625 0.03515625 0.040625 0.0703125
3 0.46640625 0.08125 0.03671875 0.09140625
3 0.459375 0.1359375 0.03125 0.0421875
3 0.46796875 0.17265625 0.0265625 0.0421875
3 0.459375 0.1984375 0.0234375 0.03125
3 0.51328125 0.12265625 0.04140625 0.078125
3 0.5328125 0.1875 0.03046875 0.06171875
3 0.5765625 0.17890625 0.03515625 0.06875
3 0.5515625 0.11875 0.0359375 0.07109375
3 0.59609375 0.12734375 0.02734375 0.071875
3 0.6140625 0.184375 0.0296875 0.06640625
3 0.66953125 0.13984375 0.0453125 0.1390625
3 0.6421875 0.0734375 0.0375 0.1078125
3 0.625 0.040625 0.0234375 0.08125
3 0.68828125 0.1 0.0328125 0.17265625
3 0.7109375 0.0671875 0.025 0.0546875
3 0.728125 0.07421875 0.01875 0.0359375
3 0.7203125 0.11171875 0.0203125 0.05234375
3 0.725 0.18359375 0.03984375 0.08984375
3 0.753125 0.15546875 0.025 0.0484375
3 0.76875 0.1765625 0.0375 0.05
3 0.75625 0.096875 0.03046875 0.07109375
3 0.75234375 0.059375 0.01875 0.040625
3 0.7734375 0.0734375 0.0171875 0.04453125
3 0.79375 0.10859375 0.02578125 0.04453125
3 0.80546875 0.1703125 0.0375 0.07109375
3 0.85 0.1203125 0.03125 0.0609375
3 0.853125 0.19140625 0.02734375 0.05078125
3 0.8734375 0.18515625 0.02265625 0.04765625
3 0.8734375 0.1515625 0.021875 0.02578125
3 0.89765625 0.19375 0.03125 0.0609375
3 0.92421875 0.171875 0.0296875 0.0734375
3 0.9625 0.1546875 0.04140625 0.11171875
3 0.9046875 0.0984375 0.021875 0.053125
3 0.8875 0.06484375 0.0296875 0.07734375
3 0.9234375 0.07421875 0.03515625 0.09609375
3 0.98203125 0.07265625 0.028125 0.078125
3 0.98828125 0.146875 0.0234375 0.134375
3 0.8484375 0.03984375 0.0375 0.0796875
3 0.80234375 0.04375 0.05703125 0.0875
3 0.940625 0.03125 0.05 0.0625
3 0.8984375 0.0234375 0.028125 0.046875
