3 0.2203125 0.67734375 0.07734375 0.6453125
3 0.490625 0.6375 0.11875 0.725
3 0.81484375 0.67421875 0.1328125 0.6515625
3 0.665625 0.6578125 0.10078125 0.684375
3 0.403125 0.715625 0.103125 0.56875
3 0.0359375 0.61328125 0.03828125 0.3578125
3 0.03359375 0.60625 0.0671875 0.353125
3 0.59453125 0.68515625 0.053125 0.5234375
3 0.56328125 0.66875 0.05703125 0.56015625
3 0.38203125 0.63984375 0.05234375 0.57265625
3 0.09609375 0.309375 0.04296875 0.20859375
3 0.10546875 0.503125 0.075 0.5890625
3 0.15546875 0.3046875 0.03515625 0.32890625
3 0.16328125 0.5203125 0.05546875 0.57265625
3 0.3390625 0.521875 0.06328125 0.5890625
