3 0.12040141801576798 0.5350783019748981 0.0754729273512588 0.38956195018457007
3 0.9596587869283357 0.4476649190383881 0.07286039610167094 0.3293055706349207
3 0.913674131084137 0.45686874075304307 0.04916379748164275 0.312959877390181
3 0.8738440178536122 0.4602032942691007 0.04871378408896199 0.28717862739018096
3 0.8477900324641088 0.4462304318383145 0.040737642855259895 0.2773029796419344
3 0.8968394127407622 0.34375747147471164 0.017773881087432386 0.03469517504614252
3 0.8655621392018119 0.34419756246769806 0.021680131087432386 0.034945498920265904
3 0.8191292443146618 0.462145328506827 0.035531945615203495 0.24731509099298635
3 0.7939246927725343 0.4520286513012161 0.030667167612026168 0.23685845234403846
3 0.7719815089251585 0.4495242149963066 0.03934273822887722 0.24209666486710973
3 0.7343996883083074 0.44723982418789027 0.03539557792045169 0.23950259099298635
3 0.7007923015388322 0.44861135950535075 0.036753526378324075 0.2278839705426357
3 0.6711729853862082 0.4544200709486878 0.03505465868357227 0.21997134099298635
3 0.6430070750777827 0.4538786528423756 0.03397339975511855 0.20273377621816166
3 0.6225854809219813 0.44893033698781676 0.03167056006354407 0.2049273318936878
3 0.5959957073830309 0.44907003933185524 0.03338306452777111 0.21362121144333718
3 0.5631695706135558 0.450391509874491 0.029753504057189774 0.18451470234403847
3 0.5489434293798536 0.4419176758213349 0.026696687904565586 0.18822069324473975
3 0.5798291907439393 0.3742400200535238 0.018609678165332967 0.0378702398209672
3 0.6507456627407622 0.3595278755444797 0.0178420649348082 0.03860142504614252
3 0.7226342995102374 0.3557031662606109 0.028820475243233723 0.04164608189368781
3 0.867989889608849 0.16962835904392543 0.054611407872793546 0.08856065468807692
