2 0.9182692307692307 0.16826923076923078 0.16346153846153846 0.21634615384615385
2 0.1141826923076923 0.24879807692307693 0.2283653846153846 0.3449519230769231
2 0.9266826923076923 0.28725961538461536 0.1466346153846154 0.19951923076923078
2 0.515625 0.4855769230769231 0.7319711538461539 0.6862980769230769
2 0.27884615384615385 0.03365384615384615 0.1814903846153846 0.05889423076923077
2 0.4963942307692308 0.040865384615384616 0.12980769230769232 0.04807692307692308
2 0.6394230769230769 0.036057692307692304 0.12860576923076922 0.04807692307692308
2 0.8112980769230769 0.028846153846153848 0.13341346153846154 0.025240384615384616
2 0.9651442307692307 0.027644230769230768 0.06971153846153846 0.040865384615384616
2 0.9098557692307693 0.02283653846153846 0.0733173076923077 0.04447115384615385
