3 0.14921875 0.6125 0.2109375 0.6375
3 0.4375 0.63046875 0.271875 0.7296875
3 0.7640625 0.70546875 0.26875 0.5890625
3 0.6140625 0.67421875 0.24375 0.6515625
3 0.3296875 0.69140625 0.221875 0.565625
3 0.02109375 0.5265625 0.0421875 0.36875
3 0.52890625 0.725 0.1703125 0.55
3 0.5 0.70234375 0.18125 0.5921875
3 0.3203125 0.6328125 0.1796875 0.603125
3 0.09765625 0.22734375 0.090625 0.225
3 0.08359375 0.4296875 0.1671875 0.625
3 0.16015625 0.23671875 0.1078125 0.3484375
3 0.1203125 0.46015625 0.1828125 0.603125
3 0.3015625 0.50078125 0.1953125 0.6234375
