3 0.62109375 0.69921875 0.13203125 0.47734375
3 0.7609375 0.690625 0.1171875 0.44765625
3 0.28671875 0.50703125 0.053125 0.31796875
3 0.2140625 0.5234375 0.05859375 0.3703125
3 0.53203125 0.45390625 0.06640625 0.23515625
3 0.515625 0.6515625 0.1265625 0.2390625
3 0.93828125 0.41796875 0.07109375 0.10703125
3 0.85078125 0.421875 0.0484375 0.18828125
3 0.7984375 0.41796875 0.0328125 0.17265625
3 0.7859375 0.41484375 0.0375 0.17109375
3 0.725 0.43203125 0.0484375 0.115625
3 0.65703125 0.4359375 0.04765625 0.109375
3 0.621875 0.4234375 0.04609375 0.1046875
3 0.5875 0.58515625 0.07109375 0.35
3 0.1703125 0.51484375 0.0515625 0.27421875
3 0.18125 0.359375 0.021875 0.053125
3 0.2140625 0.39921875 0.040625 0.1765625
3 0.8296875 0.40703125 0.02265625 0.1578125
