3 0.06328125 0.53125 0.1265625 0.6765625
3 0.4890625 0.509375 0.2109375 0.59375
3 0.8234375 0.53359375 0.278125 0.74375
3 0.7234375 0.40546875 0.04609375 0.15078125
3 0.409375 0.4125 0.06953125 0.29375
3 0.3484375 0.3515625 0.04609375 0.1828125
3 0.3046875 0.38046875 0.0578125 0.128125
3 0.2390625 0.37421875 0.034375 0.115625
3 0.20625 0.3421875 0.01875 0.0671875
3 0.13046875 0.371875 0.04453125 0.0875
3 0.0125 0.35390625 0.025 0.13671875
3 0.1703125 0.353125 0.025 0.05390625
3 0.18359375 0.3546875 0.015625 0.0640625
