3 0.4945202604913483 0.4385254485464022 0.06633100831327035 0.24321440445914586
3 0.28356838862545136 0.45117364197389875 0.08126803503544747 0.16707252153942492
3 0.06859660649299773 0.46745493379224107 0.09922842484803307 0.19483688861970413
3 0.11749109606815647 0.5358496547112475 0.08217731716790114 0.19832252153942492
3 0.17005014324430484 0.639728407561239 0.11276339060400842 0.3384612024816745
3 0.3269329775674718 0.763427623536567 0.2142326138818312 0.4227430033541946
3 0.5275430798373274 0.8680499675263744 0.21484271615168674 0.26390006494725105
3 0.8546224053850058 0.9148862167316324 0.24556386724704354 0.17022756653673526
3 0.062244969583406015 0.8578125 0.12448993916681203 0.284375
3 0.7036893573509275 0.6754784173717215 0.08301239146193815 0.17343178218308672
3 0.6052996699664821 0.7476651377865249 0.17710703543115897 0.3258080191936365
3 0.4455024358015997 0.5627006398802118 0.14085964687221447 0.2858496547112475
3 0.3639401987337235 0.5139410757661398 0.08055263268644959 0.24966650025210163
3 0.6359622997499379 0.6355146990506052 0.06360316191590946 0.14946440445914605
3 0.5905876152684864 0.5806743797407532 0.04319372202418137 0.09112202673520517
3 0.5276928101747792 0.5629680736724529 0.055063236209946353 0.12391810124083733
3 0.11354905680956687 0.34847534084927706 0.1361888672470434 0.23250613342392407
3 0.012664150056197893 0.25421760643661734 0.025328300112395785 0.10140396287323465
3 0.04664035312778544 0.2803866225281607 0.05837009263643718 0.13038662252816077
