3 0.617025814311871 0.6485193113402722 0.13480835469882316 0.48812136652011817
3 0.7569195612868089 0.6285102160319813 0.11979188787631045 0.4572221818225902
3 0.2837689284786641 0.4836266034740627 0.05497488807270221 0.32230530575957417
3 0.21101722970832806 0.5059637312040686 0.0607481651018694 0.3750954659112951
3 0.529390500687371 0.41047691952544074 0.06777434904148247 0.24057694469946772
3 0.5118343202637995 0.6094723999806033 0.12795332493918146 0.24939370636839725
3 0.9358495789462022 0.3413775225404615 0.07171643959695402 0.11283458197237142
3 0.8483268530485031 0.35242633496799547 0.04953288826909415 0.19223516848667063
3 0.7960058289462022 0.3527928678487524 0.03381698467829786 0.17533471091032524
3 0.7835240096643614 0.35068823390982873 0.038495394319218335 0.17415484818322877
3 0.7224865157144856 0.3728500184575756 0.04911018657189174 0.11957891848667064
3 0.6544950398167867 0.3823045089146779 0.0482925751355733 0.11326514560785332
3 0.6194115126894235 0.37267428846145495 0.04670280405833438 0.10845009985021878
3 0.5840956605246832 0.5371990451294147 0.07312999043383428 0.3558033319723714
3 0.16731722668326596 0.5009412624178357 0.05315785801847293 0.2784277600019397
3 0.17915921741168792 0.3445796921143939 0.022184072208706995 0.054910640606883464
3 0.21173991325515767 0.38174498120406863 0.04165221057599684 0.17987868969849793
3 0.8273194614597597 0.3393044526960617 0.02357437626704133 0.15966191348570077
