5 0.62834375 0.4166666666666667 0.071421875 0.13393750000000001
5 0.653453125 0.4285625 0.041296875 0.09820833333333333
12 0.321421875 0.24925 0.515625 0.4985208333333333
12 0.256703125 0.2827291666666667 0.24329687500000002 0.4464375
12 0.3911875 0.4181458333333333 0.1015625 0.1875
12 0.455359375 0.4107083333333333 0.053578125 0.125
12 0.50446875 0.4129375 0.09375 0.12054166666666667
12 0.54240625 0.4233541666666667 0.055796875 0.1175625
12 0.529578125 0.7299166666666667 0.9296875 0.5401875
1 0.8292343750000001 0.23735416666666667 0.341515625 0.4657708333333333
