3 0.3669941371929446 0.6736258700597226 0.19213300253188875 0.4946981702122223
3 0.17535721949959696 0.5731498253224654 0.11734378974053175 0.2978036799958682
3 0.24445939436452072 0.5177733007211807 0.0627356460938012 0.2317416156913195
3 0.5032292483555375 0.6182506518792018 0.13121037149903003 0.4042900693385418
3 0.3876910391923776 0.506275369109792 0.06727432395394999 0.13817345364722228
3 0.8184698132389947 0.5475264566844451 0.17172129881102444 0.5137384577312847
3 0.2932515253125615 0.28316321779927106 0.06893851687504098 0.1858297036472223
3 0.2534796971822604 0.2619415280197571 0.06806549763774736 0.1608297036472223
3 0.2173065842055689 0.2767118896270141 0.08943455534962838 0.23626611474138892
3 0.15278029273575663 0.2619395683886112 0.07544397721932725 0.21564449021635426
3 0.10257939609380122 0.23266898926642368 0.047978686930641334 0.12211204255305556
3 0.06492562867060607 0.24974673328250008 0.12281253974053175 0.2979309665650002
