3 0.41875 0.6859375 0.09921875 0.55390625
3 0.5078125 0.640625 0.08984375 0.609375
3 0.659375 0.67734375 0.06953125 0.32421875
3 0.87421875 0.66875 0.07421875 0.34140625
3 0.95859375 0.70625 0.06328125 0.27421875
3 0.10703125 0.67890625 0.06015625 0.2703125
3 0.053125 0.67421875 0.04765625 0.24921875
3 0.2734375 0.67109375 0.0421875 0.246875
3 0.3359375 0.675 0.05234375 0.23515625
3 0.20703125 0.6859375 0.03125 0.1640625
3 0.57578125 0.67734375 0.0359375 0.18125
3 0.60625 0.67578125 0.02734375 0.15234375
3 0.72109375 0.69140625 0.04765625 0.17578125
