3 0.0849280287060931 0.5308818404572755 0.15413030935217154 0.6772988190854491
3 0.5098179407593716 0.5065297176080796 0.23513095855386884 0.5949771984757485
3 0.8451797792003847 0.5288031307650415 0.30843049018853036 0.7453680839161718
3 0.7399590855124446 0.401259913746137 0.05223761513275882 0.15104941559284873
3 0.42618308699531937 0.41011832592114017 0.08150064528454556 0.294154520979043
3 0.3627625741437381 0.34953534992524526 0.053542788554743835 0.18308066559284875
3 0.32019041357333433 0.37869612997947455 0.06303319368794007 0.12846134328594588
3 0.25431074558855676 0.37282792506081847 0.03908635771838496 0.11582498789975162
3 0.22019307216657175 0.3409875726014905 0.02148768083635879 0.06729658430895542
3 0.1456214950942652 0.3711159550168519 0.048096601786885886 0.08775907523376905
3 0.02692057463802967 0.35383352712736305 0.03057086216700926 0.13686419574527386
3 0.18470124113993247 0.3521341508603217 0.02719651136870649 0.05405169574527395
3 0.1980461581361269 0.3536193828081449 0.018235346843970036 0.0641534035907962
