3 0.63671875 0.53984375 0.159375 0.7359375
3 0.3625 0.57421875 0.1265625 0.49296875
3 0.1796875 0.553125 0.07109375 0.2703125
3 0.565625 0.5703125 0.08671875 0.29375
3 0.79453125 0.57734375 0.09375 0.3109375
3 0.29375 0.55546875 0.06640625 0.23984375
3 0.184375 0.3328125 0.028125 0.075
3 0.2140625 0.3453125 0.0296875 0.0609375
3 0.2703125 0.35546875 0.0359375 0.05078125
3 0.29375 0.36796875 0.01875 0.0328125
3 0.0171875 0.575 0.034375 0.1328125
3 0.04921875 0.57890625 0.0375 0.1171875
3 0.08671875 0.5796875 0.03828125 0.1125
3 0.121875 0.603125 0.0328125 0.09921875
3 0.11796875 0.55078125 0.028125 0.04140625
3 0.23515625 0.58671875 0.0390625 0.096875
3 0.396875 0.59609375 0.03671875 0.08828125
3 0.42734375 0.5953125 0.03203125 0.07578125
3 0.36875 0.375 0.02265625 0.040625
3 0.35 0.37578125 0.0125 0.05
