3 0.1109375 0.5421875 0.06875 0.38515625
3 0.95078125 0.50859375 0.0671875 0.325
3 0.9046875 0.51484375 0.04375 0.31015625
3 0.86484375 0.515625 0.04375 0.284375
3 0.8390625 0.5 0.0359375 0.275
3 0.88984375 0.40078125 0.0171875 0.03359375
3 0.85859375 0.39921875 0.02109375 0.03359375
3 0.81015625 0.5140625 0.03125 0.2453125
3 0.78515625 0.50234375 0.0265625 0.23515625
3 0.76328125 0.4984375 0.03515625 0.23984375
3 0.72578125 0.49375 0.03125 0.2375
3 0.6921875 0.49296875 0.0328125 0.22578125
3 0.6625 0.496875 0.03125 0.21796875
3 0.634375 0.49453125 0.03046875 0.20078125
3 0.6140625 0.48828125 0.028125 0.203125
3 0.5875 0.48671875 0.0296875 0.21171875
3 0.5546875 0.4859375 0.0265625 0.1828125
3 0.540625 0.4765625 0.0234375 0.18671875
3 0.57265625 0.4109375 0.01796875 0.03671875
3 0.64375 0.40078125 0.0171875 0.0375
3 0.715625 0.4015625 0.028125 0.03984375
3 0.8640625 0.225 0.053125 0.08515625
