3 0.1625 0.51640625 0.0765625 0.29140625
3 0.053125 0.61484375 0.065625 0.490625
3 0.1 0.5234375 0.05 0.3484375
3 0.38984375 0.45546875 0.03828125 0.184375
3 0.42890625 0.4578125 0.0328125 0.19296875
3 0.45078125 0.46015625 0.0359375 0.190625
3 0.475 0.46171875 0.03203125 0.2078125
3 0.5015625 0.46171875 0.028125 0.24765625
3 0.53984375 0.47421875 0.0296875 0.22890625
3 0.5265625 0.46171875 0.02578125 0.2390625
3 0.56171875 0.47890625 0.02734375 0.25859375
3 0.59375 0.47109375 0.0296875 0.265625
3 0.6140625 0.4875 0.0171875 0.24453125
3 0.63125 0.4828125 0.034375 0.26953125
3 0.66171875 0.49609375 0.0453125 0.27265625
3 0.696875 0.503125 0.040625 0.30703125
3 0.73125 0.50390625 0.05 0.32421875
3 0.78125 0.50859375 0.05625 0.32578125
3 0.83515625 0.50625 0.07421875 0.39140625
3 0.94765625 0.521875 0.0890625 0.415625
