3 0.3406075424813026 0.7185788940738996 0.29790434209493527 0.5628422118522007
3 0.18692452569107965 0.5793949939109201 0.24388647549004672 0.5000484131477994
3 0.07907236407299978 0.4219489123370204 0.0818477446425224 0.19740287986961622
3 0.02027775882743162 0.33560626339268057 0.04055551765486324 0.10789036647693565
3 0.05475689955236228 0.33475287540538945 0.052356162884024206 0.09070286647693573
3 0.3414905185195035 0.4288746168806775 0.04944941769334763 0.09689831939903507
3 0.3634300059056318 0.40502405965650706 0.03240576143274536 0.05600058400953163
3 0.3868104530030741 0.47422407304918773 0.05149306733052796 0.08834547970746058
3 0.4388069734214942 0.5298525101429744 0.06489336841898705 0.11434491801906325
3 0.46600687968209636 0.489677523535655 0.04039187622353531 0.08346706493480802
3 0.4231571807705555 0.46313261444504555 0.03662946996293322 0.042801154626382676
3 0.4330058959241653 0.4273451189092724 0.024747028855940555 0.03790910308425506
3 0.45983129075202206 0.4426661558409034 0.03751984736759475 0.04593979139585791
3 0.5059771152541261 0.5091366355483639 0.04852183475372307 0.07033581939903506
3 0.5178297853097265 0.5726633473989169 0.07636658175849824 0.10751821956119087
3 0.5802380160724327 0.5987679257264057 0.06612848620500192 0.10499719155801354
3 0.637633820704271 0.8065808311668625 0.19510918039203737 0.38683833766627485
3 0.6767484614405946 0.3870412674465751 0.05886905771188111 0.07598184740221221
3 0.5351214674310445 0.45805142247999486 0.028608638837406986 0.05905740016215581
3 0.5628918033658937 0.46869859618110093 0.029499016242068875 0.06219603693163087
3 0.5678893274125109 0.43751678002847677 0.014236114790789855 0.02757557508107773
3 0.5910168033658938 0.46918951988220703 0.027500006623422023 0.04966876339268076
3 0.6729885112631093 0.6066407012939509 0.06728175843752063 0.09330571509696384
3 0.6899776038213808 0.5678509366834543 0.036612111795565026 0.06466251785690744
3 0.7607538952911931 0.5557969959362197 0.06466518992586608 0.08545230478853831
3 0.8258059764167189 0.573348734572134 0.03954613883740734 0.05924831493480802
3 0.8764136116259291 0.6015925113574951 0.049166675497895794 0.06644320616851011
3 0.842718168704838 0.6486896538090132 0.08975695916315977 0.1108750446422686
3 0.8672246061836335 0.7304169407406441 0.09509922359113006 0.12970686525911965
3 0.9416268946582209 0.681685160301835 0.0707986280376339 0.12694037540538936
