3 0.33600475190964046 0.6896623416055817 0.1807089387332697 0.5028621920901142
3 0.1488416539226854 0.5804026840443426 0.11046752204008907 0.30279685409082885
3 0.2205990225970941 0.5283427933309517 0.05736924669795309 0.2342928725281606
3 0.47496780191759475 0.6407381585696452 0.12186010272117934 0.4097570482746303
3 0.3645217452657758 0.5235510225478311 0.06409086668522637 0.14108917574646931
3 0.7938456185948669 0.5848476995548083 0.15984245540258774 0.520918423400681
3 0.2803756539624563 0.2963933068246049 0.06464539735836246 0.1887454257464694
3 0.24154951129854707 0.2733492907330616 0.0643544960216353 0.1637454257464694
3 0.20464894796309263 0.2864066656070108 0.08397720003181668 0.24005655347041016
3 0.1407409892982289 0.2686457292168796 0.07045959269572592 0.2188153379992855
3 0.09184950330204689 0.23707901894153496 0.04515905334977197 0.12415304802252862
3 0.0556636519931594 0.25237088317182244 0.1113273039863188 0.3031792663436449
