3 0.6430004007399511 0.5546635434060769 0.16793840809990446 0.7396469943004169
3 0.36918164007795096 0.5826560311538892 0.13229871073358784 0.49591452488562504
3 0.18612369207508744 0.5573072729857641 0.07423912070336192 0.2719672253987152
3 0.5722611867440873 0.5834775680073616 0.09013684070654371 0.2957684013105208
3 0.8012492527450419 0.5958366701153132 0.09736808537554324 0.3131195554708334
3 0.3002134640754056 0.5623058571419447 0.06919708469922572 0.2413893726251736
3 0.18824762404517975 0.3371038757593057 0.028997704010181334 0.07565461664124999
3 0.2180805747135433 0.35029485999173626 0.030396572008272393 0.06162848423243057
3 0.2744487533815887 0.36176034327423634 0.03652839334022691 0.05161770459715278
3 0.2980317040499522 0.3748058571419447 0.01913180800445442 0.03324891109416672
3 0.02387823074472368 0.5754000435029861 0.035920413351362805 0.13361258700597228
3 0.055954934078587294 0.5800518291221876 0.03886360001590836 0.11806032218833344
3 0.09346402474536002 0.5817059013105209 0.039590306015272025 0.1133910059839236
3 0.12889299474854168 0.6059616721120834 0.033967014680135764 0.09998246941479164
3 0.12437767007476927 0.5535270031341321 0.028606805338954277 0.04206086664124999
3 0.24198334074631456 0.5921920724726738 0.04018974267981754 0.09778418977951393
3 0.4038111787475872 0.6053311181598614 0.0377459953453176 0.08913588839274311
3 0.4342708380808144 0.6052590361878822 0.032913044676953974 0.07652678561920148
3 0.3731135200509067 0.38358275151861143 0.023128964672181597 0.04115233007211803
3 0.3543726107176795 0.38392759042444474 0.013081802673454313 0.05029094072944451
