3 0.20625 0.43046875 0.1015625 0.35703125
3 0.2546875 0.659375 0.13125 0.275
3 0.41875 0.5890625 0.0734375 0.15
3 0.378125 0.7171875 0.14140625 0.2703125
3 0.52734375 0.66328125 0.08828125 0.23671875
3 0.565625 0.4359375 0.05625 0.1296875
3 0.621875 0.440625 0.046875 0.15
3 0.66953125 0.415625 0.0640625 0.1125
3 0.73359375 0.3890625 0.0359375 0.09453125
3 0.6515625 0.6171875 0.10078125 0.2375
3 0.8609375 0.5 0.07734375 0.14609375
3 0.8109375 0.5734375 0.0796875 0.159375
3 0.74296875 0.56171875 0.0609375 0.1890625
3 0.840625 0.71953125 0.13828125 0.3046875
3 0.9328125 0.66875 0.07578125 0.19296875
3 0.98515625 0.63671875 0.0296875 0.19609375
3 0.70390625 0.78046875 0.1765625 0.32421875
3 0.95703125 0.909375 0.0828125 0.18125
3 0.821875 0.925 0.1578125 0.15
