3 0.12355705413965323 0.5389595484297897 0.07771461122600724 0.3871566706913979
3 0.9626189009292713 0.4809288411200985 0.07475195896555568 0.3269549565847754
3 0.9166706212939936 0.48852003226546764 0.050968966849340804 0.311429244985435
3 0.8768450550895839 0.49046061698434595 0.050368901594861626 0.285647994985435
3 0.8507001291777782 0.47558577474362024 0.042338196047778 0.2760456744523216
3 0.8991720371378129 0.3748894412783831 0.017969403210381783 0.03409385517284953
3 0.8678856695466323 0.37423622341083673 0.021875653210381783 0.034207515439406144
3 0.8221211874984032 0.4904893607161398 0.03695971181534752 0.24622178213245363
3 0.796848430564549 0.47949803642210276 0.03203582247267374 0.23592913981258565
3 0.7748825115865976 0.47622828391482025 0.04073867524621555 0.24086669239901043
3 0.737273408813056 0.4726319224737646 0.03677787385944455 0.23840928213245363
3 0.7036614750174657 0.47282815076615226 0.038067616925590464 0.22673599623907634
3 0.674064893995417 0.47759821879198316 0.03632327896968768 0.21887803213245363
3 0.6458853426086463 0.47607282271119145 0.03514198546670162 0.20166780007914226
3 0.6254273722439241 0.4704138560972863 0.03285278685347244 0.2039433539192082
3 0.5988285046527435 0.4696242459098719 0.03461530860496538 0.21258256802583092
3 0.5659978208571532 0.46979774214894815 0.03081750816812523 0.1835853898125855
3 0.5517171153100698 0.4608319191085523 0.027783427146076532 0.18740071159934021
3 0.5822209264804865 0.39427490492278733 0.018823388392743112 0.03724158722616089
3 0.6530782871378129 0.3820500380714554 0.018060322188333443 0.03800010517284944
3 0.7249714709334031 0.38073993916681204 0.029052373575104085 0.040662103919208194
3 0.8692994331300004 0.19985834903765734 0.055107033719340136 0.08670202962517118
