3 0.365625 0.7121518179503659 0.278125 0.5696425273710892
3 0.20703125 0.5733722233052286 0.2265625 0.4987300433640895
3 0.09375 0.41922161998727325 0.075 0.19696645401018137
3 0.02578125 0.33485625799650015 0.04921875 0.10760396200668154
3 0.06640625 0.33282104332431856 0.04921875 0.09041646200668155
3 0.35625 0.41851090595163865 0.04609375 0.09663009933959063
3 0.37734375 0.3940467079487751 0.03046875 0.0558232860041362
3 0.403125 0.4624967159452752 0.0484375 0.08806362133990878
3 0.45703125 0.5165569599379574 0.0609375 0.11399032200827239
3 0.4828125 0.47563196793445756 0.0375 0.08324885200509069
3 0.4390625 0.45035979527373 0.03515625 0.04259658000477238
3 0.44765625 0.41432229793923003 0.0234375 0.0377727200031817
3 0.475 0.4288478746021848 0.0359375 0.04573067067154533
3 0.5234375 0.49390925326227597 0.04609375 0.07006759933959064
3 0.5375 0.557026871260367 0.07265625 0.10709543200986324
3 0.60078125 0.5812905272517764 0.0625 0.10463350334181776
3 0.665625 0.7938172519096406 0.18125 0.39898403469127164
3 0.68984375 0.36697294123968616 0.05625 0.07565452800763603
3 0.55078125 0.4420285799252307 0.0265625 0.05890283267027243
3 0.57890625 0.4518575659214127 0.02734375 0.062036923337045205
3 0.5828125 0.42056211258754905 0.01328125 0.027498291335136215
3 0.60703125 0.45153030191759475 0.02578125 0.04951874200349984
3 0.69375 0.5864587379058225 0.0640625 0.0929329346753633
3 0.709375 0.5472144245703681 0.034375 0.06446248933799978
3 0.7796875 0.533115014560823 0.06171875 0.08509316267504516
3 0.8453125 0.5487576485519143 0.0375 0.05903010200509069
3 0.896875 0.5755014145449147 0.046875 0.0661704400063634
3 0.86484375 0.6235303818825964 0.0859375 0.11037497334499946
3 0.8921875 0.704462208545551 0.090625 0.12917951734563574
3 0.96484375 0.6536167765356878 0.06640625 0.12655395667568142
