13 0.8297619046875001 0.5116802421875 0.83174603125 0.4834847546875 0.8168650796874999 0.47761069375 0.8188492046875 0.5175543015625 0.8297619046875001 0.5116802421875
13 0.7831349203125 0.48230993906249997 0.78015873125 0.5187291125 0.789087303125 0.5293024234375 0.796031746875 0.5234283640624999 0.796031746875 0.4834847546875 0.7831349203125 0.48230993906249997
13 0.7513888890625 0.5410505437500001 0.7563492046875 0.49053362500000003 0.723611109375 0.4940580625 0.722619046875 0.54222535625 0.7513888890625 0.5410505437500001
13 0.6591269843750001 0.5680712203125 0.65615079375 0.503456559375 0.5807539671875 0.519903925 0.582738096875 0.590392646875 0.6591269843750001 0.5680712203125
13 0.3545634921875 0.5551482875 0.35654761874999996 0.6467836250000001 0.5142857140625 0.6056652062500001 0.5123015875 0.53752610625 0.5033730171874999 0.5293024234375 0.3545634921875 0.5551482875
13 0.26924603125 0.670279865625 0.2821428578125 0.6620561828125 0.279166665625 0.6467836250000001 0.30694444375 0.6491332484375001 0.309920634375 0.626811821875 0.3029761890625 0.566896409375 0.010317459375 0.6150637015625 0.0132936515625 0.7360693406250001 0.26924603125 0.670279865625
13 0.6958333328124999 0.4141708421875 0.7523809531250001 0.3941990390625 0.6759920625 0.4024227234375 0.6759920625 0.4141708421875 0.6958333328124999 0.4141708421875
13 0.547023809375 0.41887009218750004 0.547023809375 0.43766708593750003 0.5708333328124999 0.43766708593750003 0.65615079375 0.42121971562500005 0.6591269843750001 0.405947159375 0.547023809375 0.41887009218750004
13 0.3248015875 0.4400167078125 0.321825396875 0.4670373859375 0.33075396874999996 0.4705618203125 0.5053571421874999 0.44706558125000007 0.5103174625 0.427093778125 0.3248015875 0.4400167078125
13 0.0033730171874999998 0.4752610703125 0.0023809546875 0.5022817468749999 0.0132936515625 0.51050543125 0.3029761890625 0.47291144531249996 0.30595238125 0.44824039375 0.0033730171874999998 0.4752610703125
