13 0.8603187921875 0.5089908609375 0.8624161078125001 0.4791869046875 0.8466862421875 0.472977746875 0.8487835546875001 0.5152000171875 0.8603187921875 0.5089908609375
13 0.8110318796874999 0.4779450703125 0.8078859078124999 0.516441846875 0.8173238265625 0.5276183343749999 0.8246644312500001 0.5214091765625 0.8246644312500001 0.4791869046875 0.8110318796874999 0.4779450703125
13 0.7774748328125 0.54003665 0.78271811875 0.48663789218750003 0.7481124140625 0.49036338749999997 0.7470637578125 0.5412784796875 0.7774748328125 0.54003665
13 0.6799496640625 0.5685987734375 0.676803690625 0.5002980406249999 0.597105703125 0.5176836796875001 0.599203021875 0.5921935703125001 0.6799496640625 0.5685987734375
13 0.3580117453125 0.5549386265625 0.3601090609375 0.6518014828124999 0.5268456375 0.6083373828124999 0.524748321875 0.536311153125 0.5153104046875 0.5276183343749999 0.3580117453125 0.5549386265625
13 0 0.7454798625 0.26782718125 0.6766381124999999 0.28145973125 0.66794529375 0.27831375625 0.6518014828124999 0.307676175 0.6542851453125 0.310822146875 0.6306903484374999 0.3034815421875 0.5673569421875 0 0.6173055093750001 0 0.7454798625
13 0.71875 0.40591884375 0.778523490625 0.38480770937500003 0.69777684375 0.3935005296875 0.69777684375 0.40591884375 0.71875 0.40591884375
13 0.5614513421875 0.410886171875 0.5614513421875 0.4307554765625 0.586619128125 0.4307554765625 0.676803690625 0.41336983437499997 0.6799496640625 0.3972260234375 0.5614513421875 0.410886171875
13 0.3265520140625 0.43323913750000004 0.323406040625 0.46180126406250005 0.332843959375 0.46552675624999995 0.51740771875 0.44069012812499997 0.5226510078125 0.41957899374999996 0.3265520140625 0.43323913750000004
13 0 0.5073951921875001 0.3034815421875 0.468010421875 0.30662751718750003 0.441931959375 0 0.469314140625 0 0.5073951921875001
