3 0.8647821193941324 0.6125972495457148 0.09188490757878505 0.3270781563770065
3 0.9507533476200087 0.6128639224310648 0.09849330475998244 0.331431463703953
3 0.7140736045764935 0.6078201390756938 0.09262913677722243 0.2920037935321364
3 0.29094588231191026 0.632462776457966 0.06771874933440998 0.22749423620519008
3 0.14183492866468797 0.5622244402982045 0.09003146684934053 0.3144962692218769
3 0.04955716289711855 0.5870396545679843 0.07865755575517386 0.2951730591359686
3 0.06435670678135433 0.18362140547249545 0.050164960581076445 0.0767572518090223
3 0.11530161094166683 0.19331398801421237 0.05338087955902786 0.08082727611928178
3 0.04658732532246541 0.15772064676606817 0.03433993882958338 0.06734463025772479
3 0.09627820079743069 0.14705978573022022 0.02983427678548618 0.07491146879233553
3 0.07720023926642369 0.0984618334462281 0.03428604065319454 0.09855368668015992
3 0.2448053133546181 0.09163970262267641 0.025346798536979166 0.08325955732694627
3 0.17885431145475705 0.1412435549520971 0.03608427678548618 0.07523901741285455
3 0.16802722064906267 0.21246345771105907 0.04269795269729171 0.09119156603337357
3 0.21788175028434048 0.20883384667521115 0.033613240216354257 0.06964743668015991
3 0.2527652433504863 0.19895755766563053 0.037919533719340315 0.0870396545679843
3 0.22407654568718766 0.173264838873295 0.020985300436840326 0.029970783016686743
3 0.2280185100679862 0.14147925033868428 0.027326872625173682 0.06775738805964089
3 0.133669098023889 0.14433757745333428 0.031450674961875036 0.04378429952503016
3 0.19042759109003482 0.1356077086155702 0.019477351823611145 0.03223264586155698
3 0.2803810970739585 0.1785565264579661 0.031015570288472284 0.0921399123699004
3 0.31275783919017375 0.195078963138126 0.03443085780753474 0.07125088025772479
3 0.3534555743725349 0.20033302917149953 0.03730128466927081 0.060477154567984304
3 0.33417693787965286 0.10958852046507228 0.04622299620027785 0.10854284034363304
3 0.2847945337193404 0.0999778250784851 0.04433318787965286 0.09439845318850329
3 0.38208776101791675 0.12302357869652969 0.03801110590767367 0.12449871099041943
3 0.42242377991961816 0.21331106399720862 0.03553876291777769 0.05180151741285455
3 0.4150288540078126 0.19731757179912474 0.02113077080156245 0.03622078301668678
3 0.4257468420399654 0.12141016904016275 0.052763936929722276 0.12137038896415206
3 0.38112336664125 0.04806452227409458 0.04504104948690983 0.05776159034363306
3 0.42738077080156256 0.057511443350422256 0.04226154160312508 0.07244156603337355
3 0.468297364741389 0.10569331580623094 0.038846254084062434 0.09333059814554918
3 0.4625389804327085 0.16001232360814704 0.03223192496187508 0.043825243102595036
3 0.47198736882545156 0.1971814529613607 0.02754442496187508 0.043579581637205766
3 0.4639936840799307 0.22251232360814707 0.024164851823611146 0.03247830732694634
3 0.5161361059076738 0.14955618046012348 0.04322462955902786 0.08029500961093845
3 0.5371766109416669 0.2154235198992454 0.03190526985163196 0.06331554952503016
3 0.5807265891901737 0.20912261024287843 0.03675642401194459 0.07059246099041942
3 0.5543264369297223 0.14765616576080243 0.03759222539871523 0.0729771545679843
3 0.5990577086812154 0.15858369968200034 0.02901665919430556 0.07330802521477064
3 0.6183538757593057 0.2165566519659925 0.031233122625173592 0.06796210594746528
3 0.6727861494106598 0.17493239597309868 0.04854921561506949 0.14143722749876284
3 0.6438967767854862 0.10709312075832803 0.04000936379145834 0.10977779172311405
3 0.6259455573706945 0.07337986205190075 0.02532861474138883 0.08247830732694625
3 0.6906087758355556 0.1360712918346557 0.03683111882545163 0.1743758802577248
3 0.7125013064207639 0.10444615558403711 0.0262728656913195 0.05599769448207601
3 0.7298524605810764 0.11237816429046436 0.019586454597152782 0.03692014586155703
3 0.7229127827694098 0.1494687285148156 0.021530814304548684 0.05340828301668674
3 0.7292731919637154 0.22158938998020483 0.04193488649288213 0.0919318724558087
3 0.7567435753224654 0.1949383587725404 0.02612739532659738 0.04974769448207601
3 0.7728595378034029 0.21685098032383793 0.038663762917777865 0.05196529172311406
3 0.7585047906531945 0.13650838308279992 0.032123475398715226 0.07269054952503015
3 0.7537257184648611 0.09880366519497552 0.019695557370694415 0.04160764586155703
3 0.7751467767854863 0.11397164178922718 0.01822397634864572 0.04543200870642723
3 0.7962775475870487 0.15019242480591397 0.026817726348646077 0.045882388059640886
3 0.8094328174386807 0.2125253284693871 0.03915472539871558 0.07305904172311406
3 0.8528003045209029 0.164859112390585 0.03266833605604162 0.06257524310259503
3 0.8575800299196181 0.23611663670084454 0.02852569671336802 0.05221427521477064
3 0.8777470595548958 0.2309311697175313 0.02376546153100705 0.04884361374938138
3 0.8769651563445141 0.1973374197175313 0.022475065254479176 0.02692767017181654
3 0.9021658313063892 0.24079417062204245 0.03266833605604162 0.06257524310259503
3 0.9282191850298613 0.22031125225924822 0.031396776785486226 0.07499335594746537
3 0.9661003915268751 0.20512998755992715 0.04400653276941 0.11388875961093844
3 0.9069786582443751 0.14585016282012633 0.023111498100139016 0.05427142017181654
3 0.8890092550339931 0.11135565411369908 0.03148769576343753 0.07889960594746528
3 0.9251649605810766 0.12261405868168336 0.03739285685760407 0.09793621099041942
3 0.9837223429898959 0.12412232699904906 0.02994337955902786 0.07959896879233552
3 0.9892086235751041 0.19866862561956805 0.02158275284979183 0.1356033073269463
3 0.849364873575104 0.08430847523545526 0.03935474715020817 0.08165279172311406
3 0.8033620425530555 0.08579905415912759 0.05906783510611113 0.09048888116223593
3 0.9413523518236111 0.08054606738811063 0.05145470364722229 0.06512038896415207
3 0.8989830138677084 0.07052261419960733 0.029216027735416716 0.04834896879233552
