3 0.8875 0.43359375 0.103125 0.32890625
3 0.82109375 0.61015625 0.13203125 0.4609375
3 0.7109375 0.57265625 0.109375 0.41875
3 0.60625 0.5984375 0.10390625 0.40234375
3 0.4203125 0.5984375 0.14453125 0.415625
3 0.321875 0.609375 0.14375 0.41796875
3 0.228125 0.6109375 0.15390625 0.4359375
3 0.125 0.46796875 0.1125 0.35078125
3 0.228125 0.4140625 0.07421875 0.25859375
3 0.30703125 0.3953125 0.059375 0.23203125
3 0.353125 0.3671875 0.07734375 0.2234375
3 0.41171875 0.37265625 0.0640625 0.17890625
3 0.4609375 0.38359375 0.059375 0.228125
3 0.53125 0.3765625 0.0734375 0.22890625
3 0.584375 0.4234375 0.08125 0.24921875
3 0.66953125 0.36640625 0.0625 0.1546875
3 0.63125 0.3046875 0.059375 0.1953125
3 0.7796875 0.3890625 0.103125 0.28203125
