3 0.06486893755385036 0.5320216119907732 0.11003509279496655 0.3832857620146356
3 0.21742631099222137 0.4935301819700923 0.06904193325224198 0.319531797342454
3 0.18956493140553027 0.44854494597391026 0.05250387304558757 0.29668464334022693
3 0.24432969945770705 0.4346273492998197 0.03511638514583595 0.2621096486712272
3 0.2674808531466991 0.4835733792966381 0.05352147238165763 0.3373187340069997
3 0.3018972806434045 0.34177623062541096 0.03962610226293624 0.09732953333863614
3 0.36891608811958443 0.5042665926161842 0.05209987294739164 0.3615193026734541
3 0.32917285295030735 0.3531768072883657 0.025477243851679886 0.08232215133672707
3 0.3861677415139889 0.35876318861395695 0.030823274004105096 0.0612920360041362
3 0.40007063934924847 0.5203092159452752 0.04892033079291398 0.3521079400063634
3 0.4501660881195845 0.503321163271821 0.0869748426967707 0.4478567920114541
3 0.5055939315037261 0.5097069759309577 0.0697464360809125 0.440625547342454
3 0.560780880372258 0.5574990385900944 0.08634358362158423 0.4736289513446813
3 0.6208507719610016 0.5716428072485948 0.09843958352338848 0.538609061346272
3 0.7619797660090732 0.6176536465627321 0.17075144164005743 0.7488113120225899
3 0.904953061188613 0.6152088045433238 0.1465417819991366 0.7500920013526354
3 0.6090239794137405 0.32179734858373105 0.04592609923787414 0.10599600867281786
3 0.5410597745932803 0.3218069865929579 0.03957156010845857 0.08795453333863615
3 0.6986995577707675 0.34965817190486803 0.03175906010845857 0.08786362667090888
3 0.66504672043675 0.3602053205760951 0.03806360226293641 0.0973113520050907
3 0.7348961330045366 0.30470875123332275 0.035052231751431503 0.11680623933799979
