3 0.20374560607356532 0.44248144454068405 0.10363964704969267 0.3629465920086702
3 0.25085136846840134 0.6742088576525115 0.13284990319801268 0.28264444198043537
3 0.4153229346269841 0.6134519101280556 0.07431017447164337 0.1542772472985769
3 0.3739525251824555 0.7392107733245874 0.14297888212077386 0.27854847618130235
3 0.5234848925707023 0.6939955258142491 0.08965843940056217 0.2418605472844595
3 0.5630887898167867 0.46888140472520934 0.05700449980360815 0.13296368942018652
3 0.6193115187395477 0.476845094145396 0.04774767447164337 0.15273015785015537
3 0.6671132144848217 0.4546207546263873 0.06471700585373252 0.11623121572854575
3 0.7313302505891752 0.43178947035493315 0.036487466724316776 0.09662437101845249
3 0.647971808163551 0.655136694117161 0.10216298458010194 0.2433698393778343
3 0.8580285850945224 0.5501438991811888 0.0781936985739442 0.15059851045275643
3 0.8076013382177802 0.6206692308076895 0.08061471662612121 0.1640162683452644
3 0.7397007659108774 0.6049917519249642 0.06203743344863373 0.1926117052052021
3 0.836438889643836 0.7684920807794549 0.1400538700205253 0.3127414656579587
3 0.9289218263139236 0.7230801412180939 0.0769039093463327 0.1973825051910847
3 0.9814519286750558 0.6940975674841008 0.03082834006449211 0.1978228499717652
3 0.6993656156397309 0.821466620383168 0.17844874950902073 0.334502344568919
3 0.9517406610156625 0.9360395416698518 0.08386698165323558 0.12792091666029642
3 0.8164935074248663 0.9466365009624822 0.15868517447164338 0.10672699807503569
