3 0.15290762256931095 0.631421166253885 0.17995942450858973 0.6500471575674327
3 0.2824860284135096 0.6316308738640988 0.1656923729664621 0.6376734361034799
3 0.4000826314977647 0.6027352783311595 0.144561666797952 0.5898523662111037
3 0.5390496741114384 0.6017270882987382 0.17274121387585276 0.5942873091390093
3 0.6626235418061902 0.5881653943373755 0.14331281249588096 0.6077483416039978
3 0.8140769476503887 0.5873562574481073 0.15786623619698686 0.6365283130679507
3 0.7660657362035777 0.29686184408970645 0.08211266517639401 0.32153470574818704
3 0.6724754232973643 0.2473584578196108 0.08294668790456558 0.19043025496239877
3 0.5626600925342435 0.23295781762057377 0.0937614569792892 0.1839084272121397
3 0.40894475730689595 0.22918861642050073 0.1167722629856435 0.20527615901517465
3 0.2846578234595201 0.23888044768541636 0.10153304667086357 0.18192855024766902
3 0.1548203189952932 0.25351449007520255 0.10807337296975747 0.15413103597964534
