13 0.826171875 0.5146227390625 0.828125 0.4868678046875 0.8134765625 0.48108552656250003 0.8154296859375 0.520405015625 0.826171875 0.5146227390625
13 0.7773437515625 0.5215614703125 0.7861328140625 0.5319695734375001 0.7929687515625 0.5261872953125 0.7929687515625 0.4868678046875 0.7802734375 0.48571134687499995 0.7773437515625 0.5215614703125
13 0.7490234375 0.5435341296875 0.7539062484375 0.4938065375 0.7216796859375 0.4972759046875 0.720703125 0.544690584375 0.7490234375 0.5435341296875
13 0.658203125 0.5701326078125 0.6552734375 0.50652755 0.5810546859375 0.5227179265624999 0.5830078140625 0.5921052625 0.658203125 0.5701326078125
13 0.3603515625 0.64761513125 0.515625 0.6071391875 0.513671875 0.5400647609375 0.5048828140625 0.5319695734375001 0.3583984375 0.5574115953125001 0.3603515625 0.64761513125
13 0.314453125 0.6279553875 0.3076171859375 0.568976153125 0.019531248437500003 0.61639083125 0.0224609375 0.7355057578124999 0.2744140625 0.6707442421875001 0.287109375 0.6626490546875 0.2841796859375 0.64761513125 0.3115234375 0.6499280421875 0.314453125 0.6279553875
13 0.6943359375 0.41863692343750003 0.75 0.3989771796875 0.6748046859375 0.40707236875 0.6748046859375 0.41863692343750003 0.6943359375 0.41863692343750003
13 0.5478515625 0.4417660375 0.5712890625 0.4417660375 0.6552734375 0.4255756578125 0.658203125 0.410541734375 0.5478515625 0.423262746875 0.5478515625 0.4417660375
13 0.326171875 0.47067742656249995 0.3349609375 0.47414679218750005 0.5068359375 0.45101768125 0.5117187515625 0.43135793749999995 0.3291015625 0.44407894687500005 0.326171875 0.47067742656249995
13 0.011718751562500001 0.5053710953125 0.0224609375 0.513466284375 0.3076171859375 0.4764597046875 0.310546875 0.4521741375 0.0126953140625 0.47877261562499995 0.011718751562500001 0.5053710953125
