3 0.08328704911308614 0.8689199032726022 0.0975643413131323 0.26216019345479574
3 0.2084916006552137 0.8592697701239341 0.06359844439738742 0.2814604597521317
3 0.2665222889668164 0.847574667969633 0.042173457790068 0.3048506640607339
3 0.30828704911308613 0.872505884682466 0.054595591313132276 0.2549882306350678
3 0.37497967127206466 0.8568647514348701 0.05596322240056466 0.2862704971302598
3 0.44366148742468886 0.8617314306872743 0.061295604705812856 0.2765371386254515
3 0.49663648296046203 0.8712344628197279 0.04224559577735913 0.25753107436054423
3 0.5313660389668164 0.8596397052646271 0.039874572238408845 0.2713354423990104
3 0.5757200109636391 0.8710916823033734 0.04947171468992693 0.23959970909205772
3 0.6229222934310432 0.8537056055020539 0.0427853380667214 0.21441785266556684
3 0.6484132171321495 0.8263080312080169 0.032469400972934534 0.1602388180258309
3 0.6626393583658514 0.8173422081676209 0.025410877433984423 0.15847172954602903
3 0.6760978863690287 0.8075724030739136 0.03245576420345948 0.15945756802583091
3 0.6896245982195817 0.7938963479802065 0.023780193586608434 0.15452001543940613
3 0.711608692375383 0.788282845472924 0.022739844966580235 0.1396535333860948
3 0.7288371026838085 0.7864392006457737 0.01784779342445262 0.1277983910662268
3 0.7463382483817375 0.7689705558186231 0.01116141680124727 0.10261653463973612
3 0.7642388145343617 0.7733996430447838 0.02035913879807012 0.09273306927947225
3 0.7901837057680636 0.7647748008040581 0.017220502028594886 0.09186089106622682
3 0.776148479307014 0.762803123844454 0.017165954950694128 0.08873589106622681
3 0.8152246160764891 0.7631584765100209 0.018632997564368026 0.08331260517284952
3 0.8379899602322907 0.7575677060560498 0.015507997564368025 0.0832216769596041
3 0.8427456440796665 0.7537978483759179 0.01705686079489297 0.08248589106622681
3 0.8135081574723471 0.727152780350087 0.01474433847375849 0.039471676959604095
