8 0.76171875 0.5666666666666667 0.4734375 0.7833333333333333
8 0.47734375 0.6979166666666666 0.1828125 0.4583333333333333
8 0.34140625 0.6760416666666667 0.1546875 0.4270833333333333
8 0.249546875 0.7181458333333333 0.071875 0.29583333333333334
8 0.175 0.7410625 0.065625 0.2125
8 0.126109375 0.7510416666666667 0.059375 0.18958333333333333
12 0.14509375000000002 0.2998541666666667 0.24553124999999998 0.5907708333333335
1 0.349328125 0.3110208333333333 0.28348437499999996 0.31845833333333334
12 0.657359375 0.12872916666666667 0.42634375 0.24852083333333336
7 0.333703125 0.9129375 0.66740625 0.17410416666666678
