3 0.11263846001649458 0.5866919998036082 0.06632264812585578 0.26596588846548563
3 0.16468669332344715 0.5971527768327756 0.047868164818903214 0.2760130541565303
3 0.2098628010035791 0.6021038972460844 0.05647027500631765 0.24950509631100798
3 0.1801669408161647 0.5753641352440318 0.0556579327655919 0.27527725595192826
3 0.17590064113273382 0.4534436834486337 0.025264424452321688 0.03607840056573401
3 0.09203044332344715 0.5967300751355733 0.04306099287386402 0.2181823734383709
3 0.19285715743006984 0.5957539032962085 0.03730273785929912 0.2618914668225127
3 0.2692150689502678 0.6032305808911099 0.046950522499035155 0.2713210089769905
3 0.31087137153669253 0.5948777254067197 0.04581993151195061 0.28615566861791086
3 0.3403542830568904 0.6020816922292325 0.04582829169936513 0.2595977137974508
3 0.3358750347062431 0.4606254452542945 0.021971939891727833 0.057149424668035034
3 0.2811420705996204 0.46186978268650797 0.029102478292387702 0.03375737646343317
3 0.35924067537675847 0.5975032765381879 0.03505827625995881 0.23844487646343318
3 0.38104747921682447 0.5999742915653025 0.06191629295300629 0.24875566256778647
3 0.4316385126029193 0.5799526830558503 0.05744775329870535 0.28309884631100796
3 0.4568514612701359 0.599633923980664 0.056453554631488954 0.30262100595192826
3 0.5137463189502678 0.6046532220870701 0.062271645618573325 0.28781361738824673
3 0.5549252484171544 0.6127066166026799 0.05367789561857332 0.287763620413309
3 0.5772214487337235 0.4909407009116354 0.026091138558944495 0.03764544574527377
3 0.5412301244396864 0.4657270774732643 0.022602425705962936 0.02512726502711473
3 0.5836904090794224 0.45659751716841396 0.02756271034569906 0.03452953610435348
3 0.6165758022572204 0.6154094357863247 0.04826898159109305 0.31663350897699055
3 0.667470712523777 0.6117986224564124 0.05954746239076307 0.32841589149054773
3 0.7085396448936575 0.48936054107432325 0.032332778371529966 0.06423976200205246
3 0.7380452884671668 0.4957832578968359 0.027327029625171306 0.05327499092481371
3 0.8004196048436452 0.6078838029781799 0.058061518738111315 0.304192596311008
3 0.8072810217741193 0.5063440288758789 0.0712170851145899 0.19256929508134402
