3 0.14174594574667995 0.6342887688046185 0.19117568165798177 0.6470976235152495
3 0.2712151909373565 0.6367652479549359 0.17670395389050028 0.6349696965556454
3 0.38922114647231937 0.6099179399582348 0.1547545428205746 0.5875036631695505
3 0.5280926735141614 0.6113403844688162 0.1829886702252363 0.5914470170887588
3 0.6518029920258156 0.5999362200456244 0.15381952539737967 0.6054269490629279
3 0.8031472372164922 0.6017762017032243 0.1688641720393349 0.6339611260225322
3 0.7602529314035278 0.31035323132839554 0.08766621342432916 0.3201964912245113
3 0.6676041291339423 0.2591975597790677 0.08620786242853722 0.1890374194377568
3 0.5581299254130779 0.24287152929596675 0.09689982576804841 0.18232441818411543
3 0.4046056213293939 0.23641224379830086 0.12026540389834964 0.2032961477301444
3 0.2802504620735668 0.24393289027480397 0.10463048021455208 0.18020798871722885
3 0.15026286171074707 0.2563001611244865 0.1106795835725967 0.15228757719703098
