3 0.9592574526168214 0.5225003674830269 0.08148509476635724 0.6396600435321365
3 0.8948344021874555 0.5528706201965605 0.09028326988220706 0.6112074949116174
3 0.8145332475610727 0.5218906151081778 0.0894162451254406 0.6509693577564877
3 0.7729457654179802 0.5584765682966811 0.0835071643623202 0.6701730591359685
3 0.6799361051095547 0.5610051040269013 0.09547928449270379 0.5958690999545716
3 0.6457520198822071 0.5737441214397558 0.07722416233372513 0.5785211476705794
3 0.5676133831127319 0.5770572291962435 0.10372816111590914 0.6212785357302202
3 0.4914775771063775 0.5607162562200364 0.09630144480112932 0.5982537935321363
3 0.420342916797952 0.5620983717784401 0.08366507710637752 0.5897861962910984
3 0.3670951858726755 0.5578512850528516 0.062203134330547895 0.5675869696968465
3 0.2944662094116258 0.5632215377663852 0.0907548283241935 0.5487893820667471
3 0.2446025771063775 0.5736544267305372 0.06629457061355577 0.4889673247398008
3 0.20837693059766965 0.42463375056582686 0.050383603895033956 0.15874755823145748
3 0.16179975973593735 0.623347889529979 0.08910477921769795 0.454258132066747
3 0.11286738189491592 0.6423335849165662 0.06527181290291799 0.4303735747398008
3 0.08735886728441933 0.659309722976207 0.06559909537032205 0.4491235747398008
3 0.04332644926535606 0.6006241197422753 0.07459799431466185 0.5175017605154496
3 0.09583997442915948 0.38361368215760416 0.0712006643656153 0.18871834124814413
3 0.14030699472169894 0.3328014546588413 0.045181860794892836 0.084324090343633
3 0.1500189598186629 0.3964135753056277 0.06291878571381497 0.07198454262762519
3 0.19874283197764145 0.4102813234966054 0.04683586404130371 0.13436503392119797
3 0.06963598457542922 0.36074607021724503 0.029007435875970745 0.09674552521477064
