3 0.156022755602674 0.45931084660559557 0.14053995991548635 0.2992147257013073
3 0.28772800370281293 0.5116768016224474 0.12611509042444471 0.3506863221105112
3 0.4029367360353825 0.5938302505891752 0.14775631392329897 0.4750141564194667
3 0.6590795928929867 0.6884468172387372 0.1791524374984032 0.515035168421519
3 0.7716503684442019 0.5901224258463854 0.11187140567892406 0.37638121369925487
3 0.8375097981557296 0.49910199522642207 0.08734287794350734 0.3293698583130606
3 0.8907977991056601 0.4722258778381752 0.086088196047778 0.2754636083130606
3 0.941959602392292 0.421140100809008 0.05476415444465275 0.20497839149054772
3 0.9777418603956164 0.4130821611138583 0.044516279208767176 0.23233123184962742
3 0.6116882613022572 0.297263281036188 0.045168989266423765 0.09478123487468952
3 0.5242285481557296 0.5009246122218853 0.08903201130225717 0.3012584938516799
3 0.6294777861878823 0.42373942262493164 0.08955607532246539 0.15596871974937904
3 0.7009702732701045 0.37331672092772933 0.06940657627239588 0.12929259026088377
3 0.7784588404244447 0.34551845297374845 0.06313773926642377 0.0948857740041051
3 0.34929736407579887 0.30347796136156374 0.049074586056041716 0.06121475595192836
3 0.23685256867295168 0.340074512394836 0.039682055470833436 0.09396816861791084
3 0.20987184137437528 0.32226029849918947 0.04215243882958344 0.06586134933607006
3 0.19951491641250022 0.2801273406536672 0.03036095364722229 0.06266817164297293
3 0.09435725056868088 0.39481707543016087 0.08105389751079876 0.1934141775949013
3 0.14175696779927108 0.28280743393961305 0.04476829255305561 0.04400453005422929
3 0.26519512100965303 0.3156875907518631 0.03203255642076393 0.06736476200205255
3 0.3110524816669794 0.30526317515901435 0.027853549486909747 0.05562328610435348
3 0.32573388392743086 0.36534215710683765 0.03205139342673622 0.1017352168225127
3 0.3896502603523267 0.3251211572050335 0.03910017401194441 0.06896816861791084
3 0.4227894154625697 0.3053944644848217 0.045459276785486225 0.07369203005422928
3 0.46697582655673636 0.3238899344305924 0.05087347539871523 0.07138009631100797
3 0.48886966356270867 0.35814221458301754 0.06900587955902786 0.07851588544042354
3 0.5272957307170489 0.3305712056060271 0.04896613649288195 0.09011646077238851
3 0.4714444677992711 0.2808893681738137 0.040353549486909654 0.05569600897699045
3 0.8233699905006947 0.2608707422013599 0.07580269984750032 0.16916815651766245
