3 0.1426353892510526 0.451692760664518 0.135330008584207 0.3062184498729431
3 0.2727950670423456 0.4972188213149186 0.12000499043383436 0.3568708972562247
3 0.3855945280111258 0.5734334398437095 0.13947767398066402 0.48218171039628677
3 0.6389417209277293 0.6547388348220341 0.17017822813719424 0.5238000629988878
3 0.7543536183702054 0.5503936980891532 0.10531123135864817 0.38178759727034206
3 0.8228496091968232 0.4558099692064278 0.08160102058625966 0.3335475183452644
3 0.8769103953011769 0.4261077876787489 0.08128740319801295 0.27964126834526437
3 0.9295495819712644 0.372277861412742 0.05119083703942984 0.20759966837349922
3 0.9717825337666625 0.3620082193476021 0.05291241832332325 0.23503442363517096
3 0.6029376058771735 0.2655622137329944 0.04351871672431677 0.09703389469597586
3 0.5095683591968233 0.4740565241716335 0.08378114412282649 0.305559026237772
3 0.6170450367917246 0.3912601637471118 0.08684199072842205 0.1604740393919517
3 0.6899921782822723 0.33702841907937087 0.06715620462406839 0.13277397362105353
3 0.7682762595661656 0.3051344059957784 0.06148746672431695 0.0980804552052021
3 0.3404103347999347 0.285538597693865 0.0480107740041051 0.06371316048099143
3 0.22692000654110353 0.3280739791650741 0.03804542154477701 0.0959341262801244
3 0.20046204567051915 0.3116523186134955 0.04100679508134393 0.06799113680346806
3 0.19133248536566883 0.27001085018352666 0.029269864363184704 0.06418359734092922
3 0.08285638915285672 0.39035271323888426 0.0776851593463328 0.19742800782192055
3 0.1335063498270494 0.27572179486538506 0.04400453005422929 0.04629814732681172
3 0.2559671571068376 0.30217163182414486 0.030859635440423538 0.06896210260260105
3 0.30211999444085513 0.2893307266048254 0.02688520774732641 0.05701583944842144
3 0.3150512656162898 0.3487134318806146 0.030278373340175156 0.10329159997176518
3 0.38012681977282015 0.3050929635212329 0.03789997579950324 0.07093412628012441
3 0.4138341992613153 0.28360510039528813 0.04417724687674198 0.07598564732681182
3 0.45747511495236 0.2998069530684764 0.04963236133812252 0.07396041574266325
3 0.47836887705260833 0.3329533820359064 0.06764201795398073 0.0820382262518895
3 0.5175904583365016 0.3033345004941102 0.047397695647078034 0.09257390785015547
3 0.4631938498270494 0.25651968465262487 0.039385207747326414 0.05774388154179624
3 0.8156421389564651 0.2180292481456229 0.07285675878059869 0.17293624203690508
