3 0.08596279144613124 0.5847580240867652 0.14411468631074734 0.4984211377319456
3 0.20608163186431067 0.5414707965065405 0.09810450794584646 0.43938110651817863
3 0.275531968822449 0.5186712831706211 0.08138258155811187 0.3920756718206505
3 0.33323172228249004 0.4976096130169605 0.07369741555050062 0.39456294303247785
3 0.3922074742596564 0.4834516471056654 0.09576341653908393 0.4010360836393613
3 0.4536715562748789 0.4846635896791012 0.068966153193211 0.335777874396026
3 0.5081189757425312 0.4669820110407098 0.06965190269891934 0.33349789727484325
3 0.5506738902672677 0.47363075270576005 0.06308622631118474 0.2870215100019397
3 0.57620047228249 0.47777624770479027 0.04731930486636617 0.2631535753044115
3 0.5918400597349199 0.4570333130072622 0.040160720873977415 0.25945461939505615
3 0.6142098082520452 0.4622151495215614 0.04677813539871387 0.24987232530441156
3 0.6448695592406283 0.4550405072476879 0.0448336334215476 0.2403697795467771
3 0.6791490587463368 0.4545782505797282 0.0355050543720747 0.2598532321221526
3 0.665899642244434 0.4548811395196218 0.030883879961506367 0.2228793906068834
3 0.7050403966930583 0.4306625184575756 0.03544138737588014 0.25829073212215264
3 0.748136480685447 0.42403001012262587 0.04727288391583908 0.24290484818322877
3 0.7882667321683219 0.41374634330294524 0.040866375018590514 0.20033471091032523
3 0.7674448961987667 0.4279044381521942 0.03214529102620176 0.19650820924333523
3 0.8181770666550022 0.4058542239078891 0.04555387501859052 0.20071734818322895
3 0.8424594836511966 0.4023147646645538 0.039465701102313844 0.16595971091032524
3 0.8736630627006695 0.42001257663304575 0.044060359201259655 0.1258448939408634
3 0.9013251476816414 0.40996802587444137 0.04186118923931588 0.11009234818322895
3 0.9259431457044751 0.41730229375228883 0.03978935326976085 0.09746480242559433
