3 0.1296875 0.5859375 0.05859375 0.265625
3 0.18203125 0.59609375 0.03984375 0.27578125
3 0.22734375 0.60078125 0.04921875 0.24921875
3 0.196875 0.57421875 0.04765625 0.275
3 0.1890625 0.45234375 0.02421875 0.0359375
3 0.109375 0.59609375 0.03671875 0.21796875
3 0.21015625 0.59453125 0.0296875 0.26171875
3 0.28671875 0.6015625 0.0390625 0.27109375
3 0.328125 0.59296875 0.0375 0.2859375
3 0.3578125 0.6 0.03828125 0.259375
3 0.34921875 0.45859375 0.0203125 0.05703125
3 0.29453125 0.46015625 0.028125 0.03359375
3 0.3765625 0.5953125 0.028125 0.23828125
3 0.3984375 0.59765625 0.0546875 0.2484375
3 0.4484375 0.57734375 0.04921875 0.2828125
3 0.47421875 0.596875 0.04765625 0.30234375
3 0.53125 0.6015625 0.05390625 0.2875
3 0.57265625 0.609375 0.0453125 0.2875
3 0.59140625 0.4875 0.025 0.0375
3 0.5546875 0.4625 0.021875 0.025
3 0.596875 0.453125 0.0265625 0.034375
3 0.634375 0.61171875 0.0390625 0.31640625
3 0.68515625 0.6078125 0.05 0.328125
3 0.72265625 0.48515625 0.03046875 0.0640625
3 0.75234375 0.49140625 0.02578125 0.053125
3 0.81796875 0.603125 0.04921875 0.30390625
3 0.821875 0.5015625 0.065625 0.1921875
