3 0.07660082507778261 0.49176173566554393 0.06531054342115743 0.6108220948668037
3 0.14301675770734246 0.5344002218253795 0.060613360791597556 0.5653504273763179
3 0.6491519350618965 0.4176146980622023 0.04659572523993845 0.5226217579086654
3 0.5450587244291595 0.3663479698110321 0.03789724066450919 0.15846375741437377
3 0.5025399878218402 0.3938800622063779 0.048480184658154714 0.1385969263877346
3 0.6862661513766766 0.43877477365163403 0.042169503650152686 0.35849559091247085
3 0.7535024699649326 0.3492546758190809 0.03454396428288966 0.41361417243340187
3 0.776150811685102 0.4374576713704566 0.03449909983454909 0.4557698389353046
3 0.7987388778377262 0.4326282499256379 0.033727532464108735 0.5010186719391102
3 0.8233161379839959 0.4073908279865276 0.04220823416839181 0.5396182569200823
3 0.9042076278377262 0.4283307276825165 0.03685253246410909 0.5011460059314989
3 0.9302070661493289 0.439780222245309 0.04340254139256246 0.5185881739162767
3 0.9488343352240524 0.4319849682909763 0.061248560467285884 0.5122890943725121
3 0.7852455734562248 0.19707275190280424 0.022675615259119652 0.09148450444862428
3 0.7285394261334428 0.3971801812562883 0.025915032464108735 0.5007003369581383
