3 0.19765625 0.3375 0.3953125 0.675
3 0.31015625 0.31953125 0.3765625 0.46875
3 0.42265625 0.37734375 0.29375 0.3640625
3 0.4890625 0.46015625 0.3640625 0.44375
3 0.76875 0.61953125 0.4625 0.6265625
3 0.6578125 0.5484375 0.459375 0.56875
3 0.5875 0.51484375 0.34375 0.4375
3 0.93046875 0.659375 0.1390625 0.253125
3 0.89765625 0.6125 0.2046875 0.2875
3 0.671875 0.3046875 0.175 0.2125
3 0.6390625 0.2546875 0.125 0.1421875
3 0.578125 0.22734375 0.1796875 0.2171875
3 0.77265625 0.275 0.1140625 0.140625
3 0.7390625 0.26015625 0.1421875 0.178125
3 0.58046875 0.159375 0.153125 0.1875
3 0.5390625 0.0515625 0.090625 0.103125
3 0.5671875 0.10703125 0.1078125 0.128125
3 0.6484375 0.12421875 0.08125 0.090625
