3 0.1078125 0.5725022347764936 0.1328125 0.5062414305217675
3 0.24375 0.5506368460164204 0.0875 0.49504031010845856
3 0.33828125 0.5410305627407372 0.071875 0.5051056565176625
3 0.409375 0.5367566740788599 0.0703125 0.5152528161585828
3 0.50625 0.574039026341796 0.09765625 0.45525564744247615
3 0.58046875 0.546345818398078 0.09453125 0.47476871672431675
3 0.64921875 0.5826832941975811 0.08828125 0.41301360528799835
3 0.734375 0.5542724687674203 0.1046875 0.47560905405833437
3 0.83203125 0.5712468662098965 0.1109375 0.46392666549465283
3 0.97109375 0.41736840816798243 0.0578125 0.12689884328594586
