3 0.78515625 0.48203125 0.0296875 0.140625
3 0.834375 0.57578125 0.06953125 0.16796875
3 0.703125 0.56875 0.084375 0.18046875
3 0.60625 0.58359375 0.0734375 0.12734375
3 0.75546875 0.47578125 0.0265625 0.15625
3 0.79296875 0.42734375 0.02734375 0.05859375
3 0.73359375 0.4828125 0.028125 0.16953125
3 0.70703125 0.45703125 0.0375 0.15546875
3 0.6765625 0.4671875 0.03125 0.15546875
3 0.653125 0.48125 0.0234375 0.146875
3 0.63984375 0.4828125 0.01875 0.1390625
3 0.61484375 0.47578125 0.0203125 0.1359375
3 0.5890625 0.46953125 0.02890625 0.153125
3 0.5734375 0.47421875 0.03125 0.1578125
3 0.54296875 0.4796875 0.025 0.13203125
3 0.47578125 0.48203125 0.0328125 0.14375
3 0.53125 0.57890625 0.046875 0.165625
3 0.4640625 0.571875 0.04375 0.0953125
3 0.3953125 0.5796875 0.0421875 0.1171875
3 0.34921875 0.5828125 0.03515625 0.09375
3 0.3984375 0.47890625 0.0375 0.1390625
3 0.41953125 0.48671875 0.0296875 0.13359375
3 0.44921875 0.48046875 0.02109375 0.11171875
3 0.46875 0.48125 0.01640625 0.134375
3 0.4921875 0.48046875 0.01015625 0.1359375
3 0.5015625 0.48125 0.0359375 0.14921875
3 0.1796875 0.7578125 0.04140625 0.14375
3 0.12421875 0.7265625 0.04375 0.12265625
3 0.07421875 0.74765625 0.05390625 0.1296875
3 0.040625 0.659375 0.03125 0.09140625
3 0.015625 0.66015625 0.02890625 0.06796875
3 0.06875 0.68125 0.0375 0.09140625
3 0.1078125 0.64140625 0.0296875 0.06015625
3 0.075 0.63046875 0.021875 0.0484375
3 0.06953125 0.59609375 0.0203125 0.0421875
3 0.0921875 0.5859375 0.02578125 0.03984375
3 0.109375 0.5953125 0.0265625 0.03203125
3 0.12890625 0.6046875 0.03046875 0.0453125
3 0.1625 0.61796875 0.0296875 0.07890625
3 0.03828125 0.57421875 0.028125 0.0265625
3 0.0171875 0.5703125 0.01484375 0.0390625
3 0.0453125 0.5984375 0.0234375 0.0375
3 0.1984375 0.66953125 0.04765625 0.1109375
3 0.24921875 0.69921875 0.046875 0.078125
3 0.30625 0.71328125 0.0578125 0.1234375
3 0.36875 0.7296875 0.0578125 0.12890625
3 0.43515625 0.73671875 0.040625 0.09375
3 0.309375 0.8078125 0.071875 0.14375
3 0.240625 0.77578125 0.0640625 0.159375
3 0.13984375 0.8921875 0.090625 0.20703125
3 0.22578125 0.896875 0.0984375 0.20625
3 0.30703125 0.928125 0.1015625 0.14375
3 0.021875 0.84765625 0.04375 0.19609375
3 0.3828125 0.8140625 0.0734375 0.20390625
3 0.45625 0.83828125 0.0953125 0.18828125
3 0.5578125 0.8703125 0.0984375 0.23671875
3 0.65390625 0.89609375 0.0828125 0.17421875
3 0.3984375 0.66953125 0.03125 0.08828125
3 0.30546875 0.61796875 0.040625 0.0671875
3 0.275 0.64140625 0.03203125 0.0734375
3 0.240625 0.61875 0.0328125 0.08125
3 0.2265625 0.5890625 0.02890625 0.0390625
3 0.25859375 0.59140625 0.0203125 0.034375
3 0.1953125 0.58515625 0.02578125 0.02421875
3 0.2046875 0.60625 0.025 0.028125
3 0.1359375 0.53984375 0.0359375 0.09609375
3 0.1734375 0.565625 0.0359375 0.15390625
3 0.2140625 0.54296875 0.0390625 0.11640625
3 0.253125 0.54375 0.0421875 0.08515625
3 0.30078125 0.56015625 0.03671875 0.1015625
3 0.3078125 0.475 0.05390625 0.13203125
3 0.4390625 0.703125 0.04296875 0.10390625
3 0.45390625 0.65703125 0.03984375 0.084375
3 0.471875 0.62578125 0.02734375 0.05390625
3 0.5125 0.66171875 0.040625 0.1046875
3 0.49375 0.7078125 0.040625 0.10703125
3 0.56328125 0.75703125 0.0625 0.1203125
3 0.56015625 0.6921875 0.0390625 0.071875
3 0.5640625 0.64296875 0.034375 0.07421875
3 0.6140625 0.6359375 0.040625 0.0609375
3 0.61953125 0.67578125 0.04140625 0.07109375
3 0.63984375 0.734375 0.0421875 0.12421875
3 0.6765625 0.6765625 0.03046875 0.0828125
3 0.6609375 0.640625 0.02890625 0.078125
3 0.69921875 0.740625 0.053125 0.10390625
3 0.75625 0.8046875 0.08125 0.153125
3 0.74765625 0.690625 0.046875 0.10234375
3 0.7796875 0.646875 0.0421875 0.09140625
3 0.825 0.696875 0.05234375 0.1265625
3 0.85625 0.665625 0.04375 0.09453125
3 0.9203125 0.6328125 0.0328125 0.04375
3 0.8890625 0.7640625 0.08359375 0.19296875
3 0.9703125 0.86953125 0.059375 0.23203125
3 0.9875 0.66953125 0.02421875 0.0625
