3 0.04921875 0.671875 0.0984375 0.65625
3 0.19453125 0.70546875 0.0953125 0.53203125
3 0.3453125 0.65390625 0.084375 0.425
3 0.434375 0.59140625 0.06015625 0.41796875
3 0.49140625 0.56328125 0.04296875 0.3640625
3 0.56171875 0.54453125 0.0359375 0.28828125
3 0.509375 0.559375 0.02890625 0.32890625
3 0.59296875 0.54296875 0.021875 0.2484375
3 0.57109375 0.54765625 0.034375 0.278125
3 0.671875 0.51953125 0.02109375 0.18515625
3 0.721875 0.49375 0.01953125 0.16953125
3 0.7921875 0.4546875 0.01171875 0.10390625
3 0.80390625 0.45234375 0.009375 0.09296875
