3 0.05397392229123843 0.5332079306199634 0.10794784458247686 0.3826584847764936
3 0.2000982287082807 0.4973754906302261 0.08017556722365589 0.3191408854404235
3 0.17381957159791805 0.45189936416679294 0.06284614577883722 0.2963891866700877
3 0.2290482410655704 0.4389362767345796 0.04425797186256055 0.2619141927202119
3 0.25048023068544706 0.48829138212077383 0.06528273767989141 0.33701873184962744
3 0.2898358438410395 0.34708057484098565 0.04300985376405233 0.09710225897699036
3 0.3511513927387256 0.510757255460949 0.06470707612090446 0.36122839149054775
3 0.31670209136958155 0.35895840612487895 0.02834251730020556 0.08217669574527395
3 0.373478673384804 0.365540204231285 0.03295176285158128 0.06111476200205255
3 0.38173288927868443 0.5273453126425414 0.06120007414373809 0.3518352107723885
3 0.4324013927387256 0.5112299541330891 0.10258376091159586 0.44736587939029937
3 0.4875836412558508 0.5185839118804155 0.08510975942872108 0.4402346354404235
3 0.5410787143738247 0.567344119627742 0.10285301634880355 0.4731425842107596
3 0.6006301279099779 0.5825378484523073 0.11721394669087068 0.5380545119038566
3 0.740094534526049 0.6285476071640115 0.19683907418091912 0.7429047856719769
3 0.8830951180241463 0.6282174662333375 0.1726839911771137 0.743565067533325
3 0.5975355973010806 0.33246058040013055 0.04961002224312132 0.10573237041330899
3 0.5295986807991777 0.33128389978016715 0.042627851786885884 0.08772725897699045
3 0.6862015078714844 0.36188952604720853 0.034815351786885884 0.08768180718159231
3 0.6521939223962209 0.37185033332699674 0.041447353764052154 0.09709316861791084
3 0.7239535172630245 0.3175673543060397 0.03911819121648215 0.11660623789975162
