3 0.06328125 0.5921875 0.0546875 0.24296875
3 0.21328125 0.49921875 0.034375 0.13671875
3 0.24453125 0.503125 0.021875 0.11015625
3 0.26171875 0.6078125 0.04765625 0.275
3 0.33125 0.6125 0.040625 0.30078125
3 0.29140625 0.60390625 0.0609375 0.31640625
3 0.384375 0.615625 0.06328125 0.2734375
3 0.46015625 0.6390625 0.065625 0.32734375
3 0.590625 0.62265625 0.04375 0.28203125
3 0.5328125 0.56796875 0.0421875 0.22109375
3 0.4875 0.559375 0.0375 0.23984375
3 0.0421875 0.46015625 0.03125 0.0453125
3 0.2390625 0.434375 0.01875 0.05703125
3 0.334375 0.45703125 0.02578125 0.09375
3 0.3578125 0.46640625 0.021875 0.09453125
3 0.3765625 0.46015625 0.025 0.07109375
3 0.43046875 0.490625 0.0203125 0.115625
3 0.2859375 0.425 0.01875 0.040625
3 0.26875 0.425 0.0171875 0.040625
3 0.76015625 0.63984375 0.04375 0.30703125
3 0.725 0.58125 0.03203125 0.22578125
3 0.75 0.47265625 0.01875 0.04765625
3 0.68515625 0.55 0.0421875 0.16015625
3 0.6578125 0.5453125 0.03515625 0.175
3 0.615625 0.5390625 0.03359375 0.153125
3 0.58984375 0.48125 0.03125 0.03359375
3 0.55625 0.521875 0.03359375 0.1640625
