3 0.6278185242574688 0.4712559199612388 0.14251639973316976 0.3231545026208936
3 0.5166170860067363 0.3757710441122172 0.07706386018984297 0.1319497092838688
3 0.44306949806001467 0.3585520681709107 0.08862344269935693 0.1287944309062386
3 0.3173227401513493 0.32901236736803174 0.07062285920125974 0.12686169108527157
3 0.26681340418179417 0.31971651295681 0.05385185326976068 0.0977353955887783
3 0.2281010726608633 0.330813501698043 0.049178940722190576 0.11691619216500566
3 0.19892556722365587 0.30683458359173077 0.05716785425834385 0.10262315468807692
3 0.05501374113993247 0.35052163170911765 0.04602210722409339 0.11593468306570705
3 0.10150408056952873 0.3765241247692873 0.037393865132758775 0.15278384099298642
3 0.1408530820524035 0.38105213602805427 0.06041752965749523 0.1441295342377263
3 0.19238108996106887 0.41534799043927606 0.051537278174620484 0.13654757171465484
3 0.3538862757403436 0.49585990592469464 0.08738588935304659 0.27053134793281686
3 0.4197659437251211 0.4979044648394231 0.07887571098814554 0.21466207973421944
3 0.5070895301889679 0.5071910248338858 0.09230154102620176 0.19993824568106328
3 0.2679328241809191 0.7316553084533032 0.26545649262280724 0.3762270427187161
3 0.10480412999868745 0.6112996429678846 0.10980737600717369 0.2088521707272058
3 0.04656586566423142 0.5468854919804356 0.05859238589300545 0.25232276603912884
3 0.7971468444096932 0.39774166949981343 0.053682051406325114 0.246553627390181
