3 0.1414580577577536 0.5258707972138723 0.088436394790254 0.29586550782192056
3 0.03544012770001321 0.6179379288968428 0.07088025540002642 0.49444722099021765
3 0.07867155627487885 0.5292618367469983 0.0641977401513493 0.35134966837349924
3 0.3712848206093349 0.47817456278712633 0.045793955550938216 0.18660462891096027
3 0.4102518201150433 0.48279344432892257 0.040675374030007386 0.19487986049510883
3 0.43203131962075164 0.4864112679923284 0.04370487353571591 0.19271812101845248
3 0.4561864026245573 0.48938434954824217 0.04049896049385406 0.2096781078642728
3 0.4827489026245573 0.4909314389966635 0.03821621889681097 0.24929434471009343
3 0.5205208166550023 0.5056610679076238 0.039014714942478435 0.23063534997176519
3 0.5077489026245573 0.4923875231834131 0.035522300417741806 0.24056408681758548
3 0.542204815666419 0.5116226415710298 0.0378806378701718 0.2601863420792574
3 0.574554400647391 0.5056757494353026 0.040510889353046406 0.2673540999717652
3 0.5941983971873499 0.5232650678370366 0.027151384904422215 0.24553230787839037
3 0.6115768981759331 0.519578625715427 0.04535755684353262 0.27153336575678055
3 0.6415044787082806 0.5346344783180281 0.05642239083592138 0.2752954025884836
3 0.676374227225406 0.5437133467056448 0.05313556475219805 0.30939738680346807
3 0.7107173937273087 0.5464967124624254 0.06321090171033639 0.3271309183734992
3 0.7605263927387256 0.5540963808359246 0.06952456870653059 0.3290574394201865
3 0.8145281432330173 0.5548923123636034 0.09016733254669518 0.3957289999294128
3 0.9263914732710733 0.5770696912039764 0.10599792098770813 0.42081229991529534
