3 0.890022574644594 0.46458593292392614 0.10503852058625966 0.33250745435383633
3 0.8246435352205908 0.6388294755748648 0.13471290592848711 0.46554813284695734
3 0.7142691166026799 0.5974827345605395 0.11181121623333752 0.4225694591631598
3 0.6097316075274936 0.619608216504372 0.10624701746300147 0.4059722362050019
3 0.4237941075274936 0.6131151359270002 0.1469492855151783 0.4206721424656042
3 0.3254202400410509 0.6206151226801563 0.14618167105379776 0.4229886106144388
3 0.23167933040013056 0.6189038005403049 0.15644246018321334 0.4413120246795893
3 0.1277225625443455 0.47233384618646845 0.11454078561337418 0.3547098365678217
3 0.23053394515609868 0.42202880054030495 0.07572320442767673 0.26118552586071553
3 0.30933111084714326 0.4060342675080132 0.06072491832332325 0.23410467068857255
3 0.35526123438371016 0.3795188967267734 0.07864367134838535 0.22613840326537743
3 0.4138868006404888 0.3870337855641805 0.0651033461146163 0.18114336179556512
3 0.46316918315404615 0.3996900421876025 0.060702192425624094 0.23019842068857255
3 0.5334407765381879 0.395114158792491 0.07476923760516403 0.23147074400955026
3 0.5868384873105764 0.44384432467174006 0.08269991227319906 0.25205606252120455
3 0.6716629392041703 0.3897867964487717 0.06339994554888229 0.15687004809323427
3 0.6330226200205255 0.32673123574166574 0.060511294884952174 0.19738592068857255
3 0.7819509994108248 0.416289787463097 0.10476580981387115 0.28563245435383655
