16 0.8569711538461539 0.35216346153846156 0.046875 0.055288461538461536
16 0.9230769230769231 0.3737980769230769 0.056490384615384616 0.042067307692307696
16 0.4014423076923077 0.3786057692307692 0.10697115384615384 0.057692307692307696
16 0.6394230769230769 0.3942307692307692 0.10697115384615384 0.0625
16 0.2608173076923077 0.4026442307692308 0.08774038461538461 0.07451923076923077
16 0.9543269230769231 0.4254807692307692 0.07451923076923077 0.06490384615384616
16 0.019230769230769232 0.4326923076923077 0.038461538461538464 0.06490384615384616
16 0.24158653846153846 0.4675480769230769 0.20673076923076922 0.06490384615384616
16 0.8028846153846154 0.47716346153846156 0.10817307692307693 0.08533653846153846
16 0.8653846153846154 0.4963942307692308 0.12860576923076922 0.08774038461538461
16 0.5264423076923077 0.5300480769230769 0.16346153846153846 0.12980769230769232
16 0.2283653846153846 0.5528846153846154 0.20673076923076922 0.11057692307692307
16 0.5372596153846154 0.5600961538461539 0.12379807692307693 0.09495192307692307
16 0.9254807692307693 0.5649038461538461 0.14783653846153846 0.13942307692307693
16 0.203125 0.7235576923076923 0.15384615384615385 0.3076923076923077
16 0.8389423076923077 0.75 0.27524038461538464 0.3605769230769231
16 0.6971153846153846 0.7596153846153846 0.203125 0.31009615384615385
16 0.5420673076923077 0.7980769230769231 0.2283653846153846 0.3894230769230769
16 0.16105769230769232 0.9278846153846154 0.32211538461538464 0.14423076923076922
