3 0.15723540925368548 0.5857642622966401 0.19237205004772512 0.35265788826909394
3 0.3097155192552763 0.5731592022863774 0.11007717071131609 0.3295243944174139
3 0.4236962032543218 0.5795268560735654 0.15124706337522528 0.30945278893302375
3 0.5587797279201401 0.5849905400131783 0.1830425033815887 0.3565095961146163
3 0.677593362587549 0.5788309227231274 0.20918683271004354 0.3207266322189696
3 0.8181456372533674 0.5842627904059619 0.31708114871099796 0.32838511699546336
3 0.8300654766072755 0.4326412030719443 0.14131698535963508 0.194559041958086
3 0.6907489852800934 0.38814229020957014 0.13003349267981754 0.09762495462406848
3 0.5514592186107754 0.4084825821676561 0.10063689401654478 0.1224522378015557
3 0.4468080812778662 0.4059666362259905 0.10864938868554468 0.13968518959695383
3 0.34764387527850255 0.40185637402754615 0.11995905868077213 0.10459711729005097
3 0.21377740527532083 0.4260710997288536 0.107822685351681 0.1357743944174139
