16 0.6959134615384616 0.20793269230769232 0.04447115384615385 0.036057692307692304
16 0.6141826923076923 0.22115384615384615 0.0829326923076923 0.06610576923076923
16 0.8076923076923077 0.2956730769230769 0.18870192307692307 0.13221153846153846
16 0.9507211538461539 0.30408653846153844 0.09735576923076923 0.10576923076923077
16 0.0889423076923077 0.3112980769230769 0.04927884615384615 0.13221153846153846
16 0.13581730769230768 0.3125 0.052884615384615384 0.13822115384615385
16 0.7115384615384616 0.3317307692307692 0.24278846153846154 0.15985576923076922
16 0.32572115384615385 0.3942307692307692 0.3557692307692308 0.1971153846153846
16 0.39903846153846156 0.421875 0.3954326923076923 0.22956730769230768
16 0.4831730769230769 0.47115384615384615 0.4543269230769231 0.2956730769230769
16 0.6153846153846154 0.5733173076923077 0.5228365384615384 0.4050480769230769
16 0.7367788461538461 0.7259615384615384 0.5264423076923077 0.5048076923076923
16 0.9050480769230769 0.8762019230769231 0.18990384615384615 0.24759615384615385
