3 0.07873904625171158 0.5341973715877872 0.14624845816762094 0.6824572431755744
3 0.503883798758994 0.5321534520241334 0.2282138605166189 0.6035745719592907
3 0.8389634924116457 0.5719459679447869 0.29976591475239617 0.7567038800648426
3 0.7352354356685857 0.439163393090012 0.05048103628908862 0.1529281009096227
3 0.4213775241483878 0.43156694706173465 0.07807850204506402 0.29698847001621065
3 0.35866692399010325 0.36779123738460623 0.05141305047485369 0.1849593509096228
3 0.3157580099626228 0.3946597983856422 0.061540556743059846 0.13081766046291676
3 0.24995115353613215 0.3853532648871962 0.03773934389007838 0.11722604135632882
3 0.21620663935036716 0.35179374813797315 0.020704956584775315 0.06806079528527036
3 0.1412892073761981 0.3779516796933391 0.04707723997087014 0.08957407630251693
3 0.022797620150037272 0.3544884468568469 0.0289781093294846 0.13788314371369373
3 0.18058738809672592 0.36105743217453845 0.02656851167848249 0.055070643713693725
3 0.19391410220334862 0.3632385163349382 0.017489028371529925 0.06479024607105863
