3 0.9171875 0.56953125 0.16484375 0.7453125
3 0.75625 0.45859375 0.11484375 0.48359375
3 0.63203125 0.440625 0.090625 0.3765625
3 0.53125 0.47109375 0.125 0.446875
3 0.19453125 0.428125 0.16640625 0.6390625
3 0.3453125 0.446875 0.146875 0.58203125
3 0.42109375 0.459375 0.08515625 0.46796875
3 0.03671875 0.36484375 0.05546875 0.265625
3 0.10234375 0.35546875 0.07421875 0.29453125
3 0.47109375 0.24140625 0.06171875 0.2140625
3 0.52578125 0.2203125 0.06015625 0.12890625
3 0.59140625 0.2328125 0.065625 0.215625
3 0.40703125 0.16015625 0.03671875 0.14296875
3 0.44296875 0.1671875 0.04140625 0.184375
3 0.628125 0.1765625 0.05234375 0.1890625
3 0.72265625 0.11171875 0.04296875 0.09609375
3 0.66796875 0.14140625 0.04453125 0.121875
3 0.59296875 0.109375 0.04140625 0.07890625
