2 0.515625 0.23557692307692307 0.21514423076923078 0.09014423076923077
2 0.7800480769230769 0.328125 0.43990384615384615 0.23677884615384615
2 0.5 0.5721153846153846 1 0.6947115384615384
2 0.038461538461538464 0.1658653846153846 0.07572115384615384 0.03485576923076923
2 0.12620192307692307 0.16706730769230768 0.11177884615384616 0.038461538461538464
2 0.3605769230769231 0.16466346153846154 0.06490384615384616 0.03365384615384615
2 0.2704326923076923 0.17307692307692307 0.08052884615384616 0.016826923076923076
2 0.41586538461538464 0.1778846153846154 0.07572115384615384 0.03125
2 0.5192307692307693 0.1658653846153846 0.07572115384615384 0.042067307692307696
2 0.6057692307692307 0.17548076923076922 0.10096153846153846 0.02403846153846154
