16 0.9483173076923077 0.3161057692307692 0.10336538461538461 0.1141826923076923
16 0.47596153846153844 0.328125 0.09975961538461539 0.09615384615384616
16 0.3173076923076923 0.03365384615384615 0.11177884615384616 0.0673076923076923
16 0.21514423076923078 0.036057692307692304 0.11298076923076923 0.07091346153846154
16 0.47596153846153844 0.036057692307692304 0.08173076923076923 0.07091346153846154
16 0.5997596153846154 0.037259615384615384 0.09375 0.07451923076923077
16 0.02403846153846154 0.38100961538461536 0.046875 0.052884615384615384
16 0.109375 0.3858173076923077 0.09014423076923077 0.14182692307692307
16 0.25240384615384615 0.3870192307692308 0.09014423076923077 0.1141826923076923
16 0.7475961538461539 0.39302884615384615 0.125 0.10216346153846154
16 0.35697115384615385 0.3954326923076923 0.08774038461538461 0.08653846153846154
16 0.5024038461538461 0.39663461538461536 0.109375 0.07091346153846154
16 0.7872596153846154 0.039663461538461536 0.10817307692307693 0.07932692307692307
16 0.5829326923076923 0.40384615384615385 0.08052884615384616 0.0985576923076923
16 0.8990384615384616 0.41346153846153844 0.11538461538461539 0.11057692307692307
16 0.9242788461538461 0.046875 0.09375 0.09254807692307693
16 0.11177884615384616 0.49278846153846156 0.11298076923076923 0.1141826923076923
16 0.037259615384615384 0.5048076923076923 0.07451923076923077 0.1201923076923077
16 0.2439903846153846 0.5108173076923077 0.11298076923076923 0.10817307692307693
16 0.6225961538461539 0.5120192307692307 0.09975961538461539 0.1045673076923077
16 0.35697115384615385 0.5168269230769231 0.12259615384615384 0.10216346153846154
16 0.4891826923076923 0.5168269230769231 0.11177884615384616 0.1141826923076923
16 0.9591346153846154 0.5180288461538461 0.06971153846153846 0.09254807692307693
16 0.5697115384615384 0.5216346153846154 0.06850961538461539 0.09254807692307693
16 0.8846153846153846 0.5264423076923077 0.125 0.13221153846153846
16 0.8100961538461539 0.5336538461538461 0.12740384615384615 0.08653846153846154
16 0.359375 0.7319711538461539 0.11298076923076923 0.12379807692307693
16 0.037259615384615384 0.7331730769230769 0.06971153846153846 0.0829326923076923
16 0.4795673076923077 0.7355769230769231 0.08774038461538461 0.1141826923076923
16 0.5865384615384616 0.7403846153846154 0.11298076923076923 0.12379807692307693
16 0.14783653846153846 0.7403846153846154 0.1658653846153846 0.1045673076923077
16 0.9471153846153846 0.7451923076923077 0.10576923076923077 0.09615384615384616
16 0.7800480769230769 0.7680288461538461 0.1658653846153846 0.1045673076923077
16 0.39903846153846156 0.8161057692307693 0.18990384615384615 0.10817307692307693
16 0.44591346153846156 0.8713942307692307 0.11899038461538461 0.13221153846153846
16 0.3161057692307692 0.875 0.08653846153846154 0.10817307692307693
16 0.6177884615384616 0.8762019230769231 0.13822115384615385 0.14182692307692307
16 0.014423076923076924 0.8894230769230769 0.028846153846153848 0.11778846153846154
16 0.051682692307692304 0.0889423076923077 0.08413461538461539 0.11057692307692307
16 0.7836538461538461 0.9026442307692307 0.14302884615384615 0.12620192307692307
16 0.90625 0.90625 0.12860576923076922 0.13942307692307693
16 0.32572115384615385 0.9615384615384616 0.09975961538461539 0.07692307692307693
16 0.4387019230769231 0.9699519230769231 0.08413461538461539 0.06009615384615385
16 0.8004807692307693 0.9723557692307693 0.15264423076923078 0.055288461538461536
16 0.13341346153846154 0.11057692307692307 0.11899038461538461 0.11778846153846154
16 0.5697115384615384 0.11778846153846154 0.1346153846153846 0.09254807692307693
16 0.8786057692307693 0.12139423076923077 0.13221153846153846 0.10817307692307693
16 0.7872596153846154 0.12860576923076922 0.125 0.0829326923076923
16 0.3485576923076923 0.12980769230769232 0.13822115384615385 0.11778846153846154
16 0.6466346153846154 0.1310096153846154 0.14903846153846154 0.09615384615384616
16 0.7548076923076923 0.19110576923076922 0.08413461538461539 0.1045673076923077
16 0.46875 0.21033653846153846 0.125 0.09254807692307693
16 0.5769230769230769 0.21033653846153846 0.10336538461538461 0.1045673076923077
16 0.6911057692307693 0.21153846153846154 0.10576923076923077 0.0829326923076923
16 0.8365384615384616 0.02283653846153846 0.08173076923076923 0.04567307692307692
16 0.04326923076923077 0.028846153846153848 0.08653846153846154 0.057692307692307696
16 0.08413461538461539 0.28365384615384615 0.11298076923076923 0.12379807692307693
16 0.328125 0.29447115384615385 0.13701923076923078 0.1201923076923077
16 0.21754807692307693 0.296875 0.06009615384615385 0.0985576923076923
16 0.7860576923076923 0.3076923076923077 0.12740384615384615 0.09615384615384616
