3 0.12377525968673657 0.5528533746817266 0.05979714656086825 0.22016759667409058
3 0.20607926662059076 0.5655266446928625 0.04455400626826407 0.23639203333863607
3 0.26434570829996573 0.5521459447008166 0.041610191013784895 0.21058351133831793
3 0.23075195829996575 0.5517550460295896 0.02761977298576408 0.1799602200031817
3 0.1767002379352435 0.5448777900222718 0.03803059612402793 0.1910158986712272
3 0.29686726757052123 0.540027752705271 0.04682436787552095 0.19970964600572713
3 0.33487641384704914 0.5623391047103616 0.049712978532847354 0.18958975867281785
3 0.3927804860353824 0.6005027233847704 0.0487869113785071 0.21691532733927232
3 0.5099316184442019 0.6003038234006788 0.043790286853472436 0.20357953333863604
3 0.46609004625586853 0.562303836728179 0.037957860941666866 0.18789089867122702
3 0.4340587962558685 0.5619311193904973 0.028673126709236208 0.15810340133672707
3 0.552191200416181 0.5703350600731785 0.03541408919017375 0.17926987667090888
3 0.6095133911456255 0.5834986787475872 0.0358329696991321 0.2308232860041361
3 0.6314611263279867 0.5868782174172235 0.03268847948277802 0.16283635467059074
3 0.6785900462558685 0.5647764980903596 0.04160953780340293 0.17699885200509052
3 0.7094581865484727 0.5487338747612684 0.0436811840799308 0.19889203333863606
3 0.7416530907087852 0.55613784209895 0.043390243350486205 0.18639203333863605
3 0.785330355526424 0.5535219194382225 0.05681761692559064 0.22638123400699967
3 0.8330957082999657 0.5587639501113586 0.04155563962701407 0.20823976133831792
3 0.8586587527528824 0.5496889421148584 0.0354868243725349 0.18239487667090906
3 0.9063150027528823 0.5502434727879943 0.04248235999173637 0.2144988520050907
3 0.3590945106366671 0.5290362560470887 0.02344011284152785 0.1346113573360908
3 0.38151502450437547 0.552728294716725 0.03626872758291686 0.21598862667090887
3 0.32348301253652817 0.47551126670908894 0.010029616641249994 0.028234088001272716
3 0.33981652735416706 0.4725771707113161 0.011392094889756964 0.019658519334818082
3 0.402443813923299 0.47877317405313385 0.016134146276527872 0.02205681333545435
3 0.42404736341020877 0.5344782813892247 0.01666278276940982 0.11188238200190899
3 0.4597848416587157 0.52630270206077 0.026819032769409647 0.1120005606699543
3 0.4894359740675352 0.5250856473981333 0.021277547587048674 0.10881192600254544
3 0.5097296370615629 0.4909560954009969 0.02285692496187508 0.04244203866963616
3 0.3458301380114935 0.4624936460454979 0.00986596248093754 0.021202838001272716
3 0.3586574463321185 0.47670159671386153 0.013790396276527872 0.022029541335136217
3 0.4032614315144795 0.4803447647199066 0.011319359707395903 0.01653351933481808
3 0.4381631083762157 0.46981634472467915 0.011337543502986236 0.01731476933481808
3 0.4691039838511809 0.45689872139558807 0.011555749050069508 0.02668976933481808
3 0.5026431824644101 0.4549458700668151 0.011446646276527871 0.02200226933481808
3 0.5170511745806253 0.46995325206872407 0.01611596248093754 0.02127556333545435
3 0.5282971458952781 0.4497771120703149 0.010047800436840327 0.02901533800127254
3 0.5518801162600003 0.4562998320734966 0.013881315254479176 0.025935791335136217
3 0.5772976903481948 0.44097482407699645 0.016170513867708357 0.02361931333545435
3 0.2754267190335421 0.4577692360359529 0.014680749050069507 0.026726132001908987
3 0.5417245194703824 0.48976631273867854 0.015461999050069508 0.02673522266868176
3 0.6425791578631255 0.527648668085587 0.024057055470833432 0.09400453866963616
3 0.630368792171806 0.47283389875076887 0.017060866641249995 0.028315904002227298
3 0.6211574463321184 0.47975606074949617 0.02093074905006951 0.026798857336090796
3 0.6625273287409379 0.4786753660884505 0.013990418028020812 0.030623291335136214
3 0.6605115402719448 0.5262952534213596 0.023512848023888998 0.13773635733609063
3 0.6845296153100698 0.4843986547580867 0.01724270459715278 0.036128404002227124
