16 0.025240384615384616 0.4831730769230769 0.05048076923076923 0.08653846153846154
16 0.8028846153846154 0.484375 0.11057692307692307 0.04927884615384615
16 0.054086538461538464 0.49399038461538464 0.04567307692307692 0.08413461538461539
16 0.7079326923076923 0.4951923076923077 0.02403846153846154 0.06009615384615385
16 0.0889423076923077 0.5024038461538461 0.06490384615384616 0.1045673076923077
16 0.6682692307692307 0.5060096153846154 0.04326923076923077 0.0625
16 0.9495192307692307 0.5192307692307693 0.09975961538461539 0.09014423076923077
16 0.14182692307692307 0.5288461538461539 0.056490384615384616 0.12740384615384615
16 0.18870192307692307 0.546875 0.06850961538461539 0.11778846153846154
16 0.24278846153846154 0.5673076923076923 0.08173076923076923 0.140625
16 0.2860576923076923 0.5745192307692307 0.06971153846153846 0.12740384615384615
16 0.3233173076923077 0.6213942307692307 0.08533653846153846 0.15985576923076922
16 0.41466346153846156 0.6262019230769231 0.13822115384615385 0.16826923076923078
16 0.5901442307692307 0.6478365384615384 0.3473557692307692 0.2403846153846154
16 0.7716346153846154 0.7211538461538461 0.4110576923076923 0.33533653846153844
