2 0.6971153846153846 0.28365384615384615 0.08533653846153846 0.11658653846153846
2 0.7896634615384616 0.29927884615384615 0.06850961538461539 0.12860576923076922
2 0.8413461538461539 0.30649038461538464 0.09014423076923077 0.18629807692307693
2 0.10216346153846154 0.3137019230769231 0.08653846153846154 0.09975961538461539
2 0.7211538461538461 0.3161057692307692 0.04807692307692308 0.12860576923076922
2 0.04447115384615385 0.31850961538461536 0.0889423076923077 0.12740384615384615
2 0.13701923076923078 0.32091346153846156 0.06129807692307692 0.05889423076923077
2 0.007211538461538462 0.32211538461538464 0.014423076923076924 0.13341346153846154
2 0.7512019230769231 0.32572115384615385 0.03485576923076923 0.16466346153846154
2 0.9290865384615384 0.3485576923076923 0.14182692307692307 0.28725961538461536
2 0.5 0.5588942307692307 1 0.5997596153846154
