3 0.12021633406267893 0.47109336318613837 0.09428963339431537 0.4564888581851685
3 0.18275269672976982 0.4793201934915198 0.079290794716725 0.37487219636645774
3 0.21048570337363454 0.31377481288657594 0.05396188868554459 0.14333528288075695
3 0.24123735872849714 0.4747281594028149 0.06797948269413503 0.2077006718206505
3 0.32646523937777067 0.3536819489515316 0.06441758334659031 0.10282185318419863
3 0.25626182737904335 0.35731738985797745 0.04355110001590834 0.12063123545613248
3 0.28273342071131613 0.3516731677377646 0.04597721335931695 0.19497753121376693
3 0.2619509427514052 0.6450087084944293 0.1442067227084526 0.3192916181871082
3 0.43391684941913244 0.6668512418342282 0.22698286004136178 0.32292654334173854
3 0.651249800087496 0.6970801021454285 0.2049805907065437 0.31020340273485514
3 0.8715259374204051 0.711939053971898 0.24736863271799764 0.3979583653121702
3 0.8557538447246792 0.49679241503200444 0.09129989871099795 0.33370506242753384
3 0.7953521467218156 0.4707881533630749 0.06511811203054414 0.2301018303053814
3 0.7413555373965426 0.5256990518458661 0.07372095269731674 0.23158458197237125
3 0.7101044427116343 0.38890068245081 0.052662470679499404 0.09874026000193963
3 0.7435703760343622 0.31358168911876977 0.0521630313494537 0.1228952371231224
3 0.670623772040089 0.3497745385099466 0.04882040268936265 0.171013872729036
3 0.3763470607097253 0.3476071631958367 0.0584953946928624 0.19756039727484326
3 0.44258967870781624 0.3389653578953044 0.05318972935231727 0.14405276000193962
3 0.423268061386043 0.42246351304605545 0.057205614696044196 0.2208703515172088
3 0.34596122139558805 0.48639872516432875 0.08389483668840807 0.1668524022758131
3 0.48361466804581604 0.37665654759380235 0.06888745468649908 0.15157821757828502
3 0.5358589680537703 0.43945930759574203 0.06432777136377119 0.22925680742656418
3 0.591690797382225 0.40811345487058526 0.07772720003181668 0.24049719636645772
3 0.650220912714816 0.40742767078188036 0.07131302068745349 0.15880078621473678
3 0.7183351133831796 0.4254759112389827 0.07872607869190791 0.19218724212409236
