3 0.09453125 0.16015625 0.121875 0.28125
3 0.27265625 0.171875 0.1140625 0.2859375
3 0.47265625 0.17109375 0.13046875 0.30390625
3 0.6703125 0.18125 0.12109375 0.3046875
3 0.88359375 0.184375 0.1390625 0.2890625
3 0.09921875 0.496875 0.13828125 0.28671875
3 0.2640625 0.51328125 0.1234375 0.2625
3 0.46875 0.50390625 0.1734375 0.28359375
3 0.67734375 0.5078125 0.12890625 0.28359375
3 0.90390625 0.509375 0.0671875 0.28828125
3 0.08671875 0.82578125 0.11953125 0.28359375
3 0.2734375 0.81875 0.13984375 0.25078125
3 0.4828125 0.8265625 0.11953125 0.2796875
3 0.6890625 0.82890625 0.10625 0.29453125
3 0.89921875 0.82890625 0.13046875 0.25546875
