3 0.11015625 0.59375 0.12421875 0.48828125
3 0.22890625 0.56015625 0.08046875 0.4328125
3 0.29765625 0.54296875 0.065625 0.38671875
3 0.3546875 0.5265625 0.0578125 0.38984375
3 0.41328125 0.5171875 0.0796875 0.39453125
3 0.475 0.5234375 0.05546875 0.33125
3 0.52890625 0.51015625 0.05625 0.32890625
3 0.571875 0.5203125 0.0515625 0.2828125
3 0.59765625 0.5265625 0.03671875 0.26015625
3 0.6125 0.50703125 0.0296875 0.25703125
3 0.63515625 0.5140625 0.03671875 0.246875
3 0.665625 0.509375 0.03515625 0.2375
3 0.7 0.51171875 0.025 0.2578125
3 0.68671875 0.5109375 0.021875 0.22109375
3 0.725 0.48984375 0.025 0.25625
3 0.76796875 0.48671875 0.0375 0.23984375
3 0.8078125 0.4796875 0.0328125 0.19765625
3 0.7875 0.4921875 0.02421875 0.19453125
3 0.8375 0.47421875 0.0375 0.19765625
3 0.86171875 0.47265625 0.0328125 0.16328125
3 0.89375 0.49296875 0.0390625 0.12265625
3 0.92109375 0.48515625 0.0375 0.10703125
3 0.94609375 0.49453125 0.0359375 0.09453125
