3 0.09633656535138839 0.5892614767682953 0.13558362224392403 0.4933427761974542
3 0.21586846856177036 0.5508290350575217 0.0905425727570143 0.4360913503040111
3 0.2850185120647565 0.5308401872249684 0.07462597881718783 0.3893927638401644
3 0.34243162177215236 0.5121100918638731 0.06688621399954897 0.3921994288591925
3 0.4012435773192357 0.5003475795065835 0.08887031677309061 0.397778266805914
3 0.4628168569545135 0.504082733156905 0.06317867933027799 0.3335101783649009
3 0.5170322314795481 0.4886049717881985 0.06390537794350717 0.33119826186299817
3 0.5597645921368746 0.49701037939285275 0.05814503400368078 0.28491351087441485
3 0.5854003717721523 0.5022098739556453 0.04277395393156276 0.26165242441056835
3 0.6006987166619093 0.4820737874917985 0.03566996874920161 0.25824092292769335
3 0.6231913125015968 0.4881818660469799 0.042464829406528 0.24837117441056816
3 0.6537691652751384 0.48225285962118924 0.04068412385944455 0.23893250741437377
3 0.6880896138883676 0.4831959357049126 0.031000652544791764 0.2588311719391104
3 0.6748265476839579 0.48295585517256495 0.027021014152048828 0.22198508794672148
3 0.7135987601648954 0.46030226376580236 0.030964284953611455 0.25726867193911024
3 0.7566402453472565 0.4554264213704566 0.04308242524621555 0.24137175790866544
3 0.7966476495075691 0.4467716629674996 0.03741300028434047 0.1989932569200823
3 0.7760442087781245 0.4600993339180267 0.02874651510197932 0.19551808844101312
3 0.826462436076701 0.44009324003980616 0.04210050028434047 0.19918425790866542
3 0.8507175536678815 0.4375439015987931 0.03661291327836835 0.1646182569200821
3 0.8822760249825343 0.4565512281768081 0.04191735590767358 0.12424792490485981
3 0.9098016129384371 0.4476245557434062 0.03999117999586801 0.10855925790866543
3 0.9345834073913537 0.45598088380429597 0.03813773926642341 0.09599559091247087
