2 0.5853365384615384 0.19591346153846154 0.026442307692307692 0.020432692307692308
2 0.6213942307692307 0.20432692307692307 0.030048076923076924 0.028846153846153848
2 0.8052884615384616 0.21875 0.03245192307692308 0.042067307692307696
2 0.5625 0.22115384615384615 0.018028846153846152 0.016826923076923076
16 0.4855769230769231 0.22355769230769232 0.06490384615384616 0.0985576923076923
2 0.7139423076923077 0.22596153846153846 0.020432692307692308 0.03365384615384615
2 0.5324519230769231 0.22716346153846154 0.026442307692307692 0.025240384615384616
2 0.5673076923076923 0.24278846153846154 0.030048076923076924 0.028846153846153848
2 0.7932692307692307 0.24879807692307693 0.040865384615384616 0.028846153846153848
2 0.5324519230769231 0.26802884615384615 0.03485576923076923 0.025240384615384616
2 0.4182692307692308 0.27163461538461536 0.03245192307692308 0.037259615384615384
2 0.5204326923076923 0.30408653846153844 0.06129807692307692 0.040865384615384616
2 0.4326923076923077 0.3112980769230769 0.04927884615384615 0.042067307692307696
2 0.49759615384615385 0.34615384615384615 0.04567307692307692 0.04567307692307692
2 0.2860576923076923 0.38341346153846156 0.057692307692307696 0.06490384615384616
16 0.35697115384615385 0.4074519230769231 0.13221153846153846 0.19951923076923078
2 0.484375 0.42427884615384615 0.05889423076923077 0.0733173076923077
2 0.49759615384615385 0.5084134615384616 0.0829326923076923 0.08413461538461539
15 0.10817307692307693 0.6021634615384616 0.21634615384615385 0.34375
2 0.34134615384615385 0.6189903846153846 0.1201923076923077 0.13701923076923078
2 0.5012019230769231 0.6875 0.1201923076923077 0.1622596153846154
2 0.9134615384615384 0.16706730769230768 0.028846153846153848 0.028846153846153848
2 0.6682692307692307 0.18870192307692307 0.020432692307692308 0.018028846153846152
2 0.6995192307692307 0.17668269230769232 0.014423076923076924 0.014423076923076924
2 0.7175480769230769 0.1658653846153846 0.02403846153846154 0.025240384615384616
2 0.7800480769230769 0.15865384615384615 0.026442307692307692 0.018028846153846152
2 0.8052884615384616 0.15144230769230768 0.02283653846153846 0.013221153846153846
16 0.8882211538461539 0.12740384615384615 0.028846153846153848 0.027644230769230768
