3 0.5170441377781146 0.5454426218346267 0.21164408635205892 0.6719109801033596
3 0.2671941287029283 0.5552031438907352 0.1503020653730159 0.5984746776670363
3 0.8155498154712116 0.576286115817647 0.13064809552544113 0.5761293082964197
3 0.6455009358845206 0.610684494905871 0.0596442073545429 0.318548543337025
3 0.5900634812604523 0.47827371066814467 0.03355336426498887 0.1294464705426357
3 0.5813748033709633 0.5956416833702487 0.05117720150081055 0.20554789558877823
3 0.8694924269075301 0.5859905852805486 0.05775043012898422 0.395742099012551
3 0.3695044998036082 0.1533180737172398 0.041006795081344014 0.06822836829088237
3 0.40776756908544903 0.15264624768364815 0.04104770169720222 0.07525961829088237
3 0.42701247277444104 0.10467911705426466 0.036628367290050964 0.12105297964193436
3 0.4677238311856975 0.12212623534514702 0.04130223175143151 0.11900961829088237
3 0.48624657220870693 0.08426528994093888 0.019299966724316775 0.09573280459579184
3 0.5263448522629364 0.13056859345699653 0.041165876365237254 0.09557211829088237
3 0.5259357861043534 0.06025609345699656 0.020621572208706952 0.05442668414544118
3 0.5517533975406719 0.06815823102621035 0.025331798106406112 0.05863332279438913
3 0.5614965570833965 0.1320402583241063 0.04583974082661779 0.09352875693983029
3 0.6083624667243169 0.13348164481358593 0.03798178903121965 0.0852156091915837
3 0.6503681595427245 0.10493514265411759 0.041074972774440964 0.07994711829088237
3 0.7144306595427246 0.10904045418973976 0.034743159542724555 0.06548410009228504
3 0.7643806625677867 0.10365084977851802 0.03479315651766228 0.07407785009228504
3 0.8932960029268662 0.11347403762458703 0.022897144515609823 0.04285812846991517
3 0.7128414093463328 0.23857775986526578 0.04774312929210343 0.1522226364894796
