3 0.103125 0.50234375 0.20625 0.7765625
3 0.24296875 0.415625 0.19375 0.50625
3 0.37109375 0.41875 0.1515625 0.3953125
3 0.46875 0.46484375 0.1984375 0.471875
3 0.81484375 0.475 0.2703125 0.671875
3 0.66015625 0.4703125 0.240625 0.6125
3 0.58125 0.4703125 0.1609375 0.4859375
3 0.9671875 0.43671875 0.065625 0.2765625
3 0.91953125 0.4171875 0.121875 0.309375
3 0.565625 0.2421875 0.0953125 0.2265625
3 0.51328125 0.21171875 0.08125 0.140625
3 0.4453125 0.21484375 0.1015625 0.228125
3 0.64375 0.17109375 0.059375 0.15
3 0.60546875 0.171875 0.071875 0.19375
3 0.4171875 0.1515625 0.0828125 0.2
3 0.33203125 0.07109375 0.059375 0.1046875
3 0.38203125 0.109375 0.065625 0.13125
3 0.4640625 0.0890625 0.0546875 0.0875
