3 0.14212973172410695 0.6064578098424601 0.078285439033798 0.22617960485118865
3 0.21907867663039973 0.586926817718368 0.06693040188677948 0.23772301166892973
3 0.2999566035900038 0.5662957112001893 0.060203028767241304 0.22080657863839157
3 0.3704509600164946 0.5543061521066353 0.07380252751360006 0.23282821757828492
3 0.4312747997499379 0.5532381175588883 0.05099551332783516 0.19901132697140156
3 0.5055617459098719 0.544835944071248 0.06978261724704335 0.22860310318419863
3 0.5691385126029193 0.5295140908870493 0.05018317108710946 0.22466503121376694
3 0.6151867984962966 0.5273139910368305 0.052413260820552664 0.2209500998502188
3 0.6646783331360328 0.5139212996713426 0.041697069675183586 0.17409107530441154
3 0.7120617984962967 0.5194061540634893 0.0560694582341279 0.21267521424430527
3 0.7693203690294099 0.5069382339098287 0.05050978002088265 0.20910380409258433
3 0.8376755639357029 0.4881087434527265 0.07582201708875899 0.16830333197237124
3 0.672915415809847 0.7665520920949973 0.07244696450233405 0.15945449045710233
3 0.759512145355876 0.7368808254250977 0.05567700164935267 0.14561526000193972
3 0.48309204935422645 0.700990220284045 0.0548586477301443 0.11749026000193971
3 0.545242708367142 0.6811084128574809 0.03548051042484133 0.06758598378914246
3 0.5083049980214429 0.7184169652830752 0.034546147730144305 0.11583216515269079
3 0.5532621453558759 0.7537168654328564 0.06717679130365362 0.11226062606301604
3 0.6155264646353482 0.7299288080062923 0.05621655925034226 0.11058655575957417
3 0.5822342430068781 0.6687360875530693 0.03705738229073816 0.09499350666795969
3 0.6775922071135007 0.6593932963373627 0.029298706584775402 0.06941955075860448
3 0.747859243006878 0.6552162372438086 0.03658000917119999 0.0785872566679597
3 0.8007341904204534 0.6594734314842344 0.04319372202418137 0.09159743969849785
3 0.3632425506078677 0.7216849707430871 0.0461141335443795 0.08482128121376711
3 0.24900890287772331 0.8440219695351392 0.054569142715579486 0.16111271424430526
3 0.353878259304214 0.8292264037736251 0.10425925415663517 0.12775795136742757
3 0.2728986954350182 0.7462063518070728 0.05225047327782271 0.08142521424430509
3 0.3270777300747543 0.7324310231686814 0.04225334765100204 0.08606491681968062
3 0.2126969813283955 0.7526793634760025 0.058523205331134066 0.08271664727484325
3 0.19775629143666767 0.8107947524158959 0.05325068362352172 0.11580021424430527
3 0.15869980311515017 0.7602046921143939 0.04031877461060622 0.09993609818322877
3 0.11855687325255215 0.9076694945399882 0.08593280298213615 0.1675698793969957
3 0.25598867709261813 0.8987892178681491 0.08814016066226812 0.16307369803344757
3 0.08976193501017693 0.8258454096926791 0.06909464396922069 0.15138689894183344
3 0.023298807024049312 0.8221939933320404 0.046597614048098625 0.13295576333591938
3 0.7646051591459294 0.8564918237581078 0.10459187476889084 0.1659754284886102
3 0.8993666040522224 0.8322416386015379 0.11630226458147633 0.19343074879205205
3 0.8380690543687914 0.7156597875433711 0.06779055674305993 0.13335437606301603
3 0.9206207930860202 0.6107174539040097 0.0389093873053028 0.05149859818322895
3 0.9320751186336986 0.6456345878429335 0.04303459765100222 0.08612868969849785
3 0.9138957684754139 0.7079113182980961 0.047486416930474465 0.10519755409258433
3 0.9571229312492532 0.722308787084329 0.042222255410276334 0.1117823939408634
3 0.8677254621280657 0.6875189410271322 0.04147810932948452 0.13977984818322894
3 0.971296743006878 0.6369771939020701 0.01803459765100186 0.08408795757634539
