3 0.16015625 0.61953125 0.071875 0.2203125
3 0.23671875 0.60625 0.06015625 0.2328125
3 0.3171875 0.5921875 0.05390625 0.21640625
3 0.3875 0.5859375 0.0671875 0.22734375
3 0.4484375 0.58984375 0.0453125 0.1953125
3 0.52265625 0.5875 0.06328125 0.2234375
3 0.5859375 0.57734375 0.04375 0.22109375
3 0.63203125 0.57890625 0.04609375 0.2171875
3 0.68125 0.56953125 0.03671875 0.17109375
3 0.72890625 0.57890625 0.05 0.20859375
3 0.7859375 0.57109375 0.04453125 0.20546875
3 0.85390625 0.5578125 0.07109375 0.1625
3 0.696875 0.8234375 0.06796875 0.15390625
3 0.7828125 0.80078125 0.0515625 0.14140625
3 0.5046875 0.7421875 0.0515625 0.11328125
3 0.56640625 0.72734375 0.03359375 0.06484375
3 0.53046875 0.76171875 0.03125 0.11328125
3 0.5765625 0.80078125 0.0640625 0.10703125
3 0.63828125 0.78203125 0.053125 0.10625
3 0.603125 0.71796875 0.034375 0.0921875
3 0.6984375 0.71640625 0.02734375 0.0671875
3 0.76875 0.71796875 0.034375 0.07578125
3 0.821875 0.7265625 0.040625 0.08828125
3 0.38515625 0.753125 0.04375 0.08125
3 0.27421875 0.86640625 0.05 0.15703125
3 0.37890625 0.86015625 0.10078125 0.11953125
3 0.2953125 0.7703125 0.05 0.07734375
3 0.34921875 0.7609375 0.03984375 0.0828125
3 0.23515625 0.771875 0.05625 0.078125
3 0.221875 0.82890625 0.05 0.11171875
3 0.18125 0.775 0.0375 0.096875
3 0.1453125 0.91953125 0.08125 0.1609375
3 0.2828125 0.921875 0.08359375 0.15625
3 0.1140625 0.83515625 0.06484375 0.14609375
3 0.034375 0.825 0.06875 0.12734375
3 0.79140625 0.92109375 0.1 0.1578125
3 0.92578125 0.9078125 0.1109375 0.184375
3 0.8609375 0.7859375 0.0640625 0.128125
3 0.940625 0.6875 0.0375 0.0484375
3 0.953125 0.7234375 0.040625 0.0828125
3 0.93671875 0.784375 0.04453125 0.1015625
3 0.98046875 0.80234375 0.0390625 0.10859375
3 0.88984375 0.76015625 0.0375 0.13671875
3 0.9921875 0.71796875 0.015625 0.0828125
