3 0.0911726369760987 0.5775252137039529 0.14752013849243734 0.512429158186029
3 0.22776936652212756 0.5619931462002413 0.1018893897460785 0.49911693068726615
3 0.32259613321517505 0.5567910690855913 0.08655990643912599 0.5084543091359686
3 0.393826275535043 0.555829434643995 0.08529292313217347 0.5185286719808389
3 0.48963286902940995 0.5976251882620396 0.11088630502720029 0.4598054471956097
3 0.5646699729486183 0.5733898281307028 0.10832960635998372 0.47917292288534996
3 0.6323742984962967 0.6129303629564119 0.10028377414838782 0.41712662426483094
3 0.7183716344688162 0.5884869629109833 0.1185085884132949 0.4804864393936933
3 0.8155505113492781 0.6100111601065928 0.12441760761362489 0.4690952380142123
3 0.9591139579049235 0.4626116169131408 0.061495092636437224 0.1295923247398008
