3 0.11484375 0.45703922577971223 0.0890625 0.45284776878308025
3 0.17734375 0.4576175459319366 0.075 0.37180601581733086
3 0.20703125 0.2884391230042431 0.05234375 0.1411953443725121
3 0.2359375 0.44585503357464684 0.065625 0.2050177638401644
3 0.32265625 0.3141965152858582 0.06328125 0.10023476334587285
3 0.25234375 0.32643653011460577 0.0421875 0.11890650889724856
3 0.27890625 0.3175416911793011 0.04375 0.19318892589344294
3 0.2546875 0.6138410296203143 0.140625 0.3135425296574951
3 0.4265625 0.6146501600389311 0.2234375 0.31379188045579803
3 0.64375 0.6183004475679107 0.2015625 0.3019630425090766
3 0.8640625 0.6061984011045014 0.24296875 0.388025217908228
3 0.85078125 0.39267707057215384 0.0875 0.33012785178688586
3 0.790625 0.3740344999256379 0.0625 0.22754667984777566
3 0.7359375 0.4356378447924416 0.07109375 0.22867809832684483
3 0.70625 0.30247251772013506 0.0515625 0.09663226087441493
3 0.740625 0.22294684380385843 0.05078125 0.12081917737631773
3 0.6671875 0.2681266926249949 0.046875 0.1690975098858317
3 0.37265625 0.3020029214076376 0.05625 0.19526076186299815
3 0.4390625 0.28523457406937597 0.0515625 0.14194476087441493
3 0.41875 0.37121849501990306 0.0546875 0.21863459486680367
3 0.340625 0.44471434482962263 0.08203125 0.16349876730020566
3 0.4796875 0.31795423216832186 0.0671875 0.1488314308363588
3 0.53125 0.37444697129390686 0.06171875 0.22673359634967846
3 0.5875 0.33621745943090875 0.075 0.23743101581733086
3 0.64609375 0.32836119707361916 0.06953125 0.15595818133065045
3 0.7140625 0.33809168273916307 0.0765625 0.18905718281352524
