3 0.5951572314795481 0.46060472315898304 0.13701556962288225 0.32543004788366653
3 0.49050805870187464 0.3669978575569487 0.0748389586812154 0.13321085485118864
3 0.41836095497840253 0.3510537352869546 0.08646678970326391 0.13026119803344766
3 0.2950150271667358 0.32369362301890015 0.06847985590767376 0.12801317182065047
3 0.24530596789618028 0.3152750872632053 0.05220023926642368 0.0986127142443051
3 0.20604344614468723 0.32705748120406863 0.04718608415618064 0.11769755409258424
3 0.17851851139916639 0.3035720548414903 0.055434342039965404 0.10355530575957417
3 0.03240592439319415 0.34980881030150207 0.04404290036059037 0.11666121257731525
3 0.07704562395635385 0.37501623333010053 0.03475947254892373 0.1533321651526907
3 0.11594446979604134 0.37885883938923715 0.0579605832062501 0.14508910151720872
3 0.16507164760770798 0.412277375144932 0.04920317904593761 0.13735634985021877
3 0.3207748273192357 0.49002025362384394 0.08274499050069464 0.2718747421240922
3 0.38625435695451343 0.49091333180319346 0.07520394101378489 0.2158958090935542
3 0.4726276148382982 0.49867829225447674 0.08890276510197932 0.20141872091226495
3 0.22011629141569383 0.7274880448395507 0.2591639797671183 0.3806273441003428
3 0.06534048527927032 0.6099014163606387 0.10627210305788211 0.2106342242462448
3 0.019286395446136976 0.5464605407566647 0.03857279089227395 0.25317266848667064
3 0.7684869351267705 0.38407468981918413 0.04942334422416685 0.247321281213767
