3 0.7812586409997199 0.42545975744995523 0.08876228628908862 0.15717480518880328
3 0.6819034986798517 0.4282906047553072 0.04785012978345584 0.1174368763496462
3 0.637053999933493 0.4207274811049534 0.05536711309040818 0.10787262220046134
3 0.5712698755603136 0.42023149625180045 0.05325068362352177 0.1155075234452168
3 0.3880481986007095 0.4200216991608743 0.06548992234075061 0.2146554184661948
3 0.5423074527573446 0.5281274292401423 0.10186769154108041 0.20571904896502602
3 0.46542670401098574 0.5229914885781306 0.08036476458147632 0.19005816016782512
3 0.7753616451563549 0.5457014024709335 0.09718855172849494 0.17886055103961845
3 0.7976040211788871 0.6912148120140587 0.14155832884638359 0.2570573286340201
3 0.6023346367765777 0.7882235570396812 0.12138823284473421 0.3139934902517377
3 0.44296799696399203 0.7736785728112281 0.15689382383181857 0.3018729211654872
3 0.2931150979802065 0.6824643448065524 0.12895068025830944 0.3059917361025528
3 0.20788464014178998 0.6325487004102741 0.09600413644737334 0.2185267022843739
3 0.14419552784280448 0.8385987134825286 0.12292800079142281 0.31333063942190054
3 0.24674987800108905 0.8918994670070136 0.2029755504748537 0.19778999502562264
3 0.051652675177237484 0.8064625649370656 0.06738870612255687 0.3870748701258687
3 0.09473611929210746 0.5111491423216858 0.042335915676833036 0.11545997925407558
3 0.07263379875899405 0.5049942307039681 0.047926686130804176 0.0932773259347277
3 0.050721694839785794 0.47846761950116895 0.03694372202418148 0.09088603174358649
3 0.041048829637806435 0.5496681132773916 0.0548191953020042 0.1694137734452168
3 0.2641764410788621 0.4951778323589977 0.04496682218246608 0.15229712842423862
3 0.3112249373179384 0.5244975568391885 0.05343254005001245 0.1217575234452168
