5 0.616625 0.375 0.079234375 0.16964583333333336
5 0.63615625 0.37722916666666667 0.02678125 0.10564583333333334
1 0.8141718750000001 0.19866666666666666 0.338171875 0.3794583333333333
12 0.323109375 0.2552083333333333 0.646203125 0.5104166666666666
7 0.5 0.7135416666666666 1 0.5729166666666666
12 0.085375 0.3162291666666667 0.170765625 0.3110208333333333
12 0.25390625 0.3936041666666667 0.141734375 0.23958333333333334
12 0.3599375 0.38095833333333334 0.10379687500000001 0.18154166666666666
12 0.447546875 0.3779791666666667 0.158484375 0.15179166666666666
12 0.51953125 0.37575000000000003 0.0859375 0.14731249999999999
12 0.548546875 0.14285416666666664 0.239953125 0.2857083333333333
5 0.84709375 0.3563958333333333 0.022328124999999997 0.058041666666666665
