3 0.7671875 0.4389101665191221 0.084375 0.15569553413027978
3 0.66796875 0.44000150063528454 0.04453125 0.11665614995764777
3 0.6234375 0.4316576505929322 0.05234375 0.106954926266007
3 0.5578125 0.43001112158314986 0.05 0.11463091837349922
3 0.375 0.4265962371987563 0.059375 0.21361444994353035
3 0.52578125 0.5373454794474227 0.09609375 0.20403432359281873
3 0.44921875 0.5308672372693434 0.075 0.18874325256024882
3 0.7578125 0.5589874480891532 0.0921875 0.17724431043863903
3 0.77578125 0.704815887579927 0.134375 0.254701452503779
3 0.578125 0.7983593031814159 0.1125 0.31202112884037303
3 0.41953125 0.7810338372411085 0.1484375 0.2992704998588257
3 0.27265625 0.6872445818382623 0.1203125 0.30388240514873244
3 0.1890625 0.6358633633377062 0.08984375 0.2169515525461314
3 0.11953125 0.8406943474821034 0.1140625 0.3113308841020448
3 0.2203125 0.8957620081042693 0.19765625 0.1943246656014889
3 0.028125 0.8069556552899068 0.05625 0.38608868942018654
3 0.0796875 0.5125462316547357 0.0390625 0.11477513154179615
3 0.0578125 0.5060078053181416 0.0453125 0.09248290258848364
3 0.03671875 0.47911137635071155 0.034375 0.09028336575678075
3 0.025 0.5501064158132504 0.05 0.16853716837349922
3 0.24921875 0.49954716076334005 0.040625 0.15158488680346807
3 0.2953125 0.5296750055440205 0.05 0.12088091837349921
