3 0.7655149816740302 0.472895129893414 0.035417529657495096 0.14097044533736353
3 0.8109137119023668 0.5660724178867325 0.07637545209089716 0.16877781934277217
3 0.6799502133852415 0.5605683999045498 0.09172853806045218 0.1814505420114539
3 0.5824703769213947 0.5765393925843674 0.07862636018984297 0.12819827267663583
3 0.7360821496588079 0.4669905752307774 0.03292919961943923 0.1565590826702726
3 0.775555826540834 0.4181167232256868 0.029731262357289623 0.05891192333704538
3 0.713920648175933 0.47427636390041367 0.035032869087091356 0.16985851400381796
3 0.6884086536131405 0.4488041965706862 0.04383486612134195 0.1559051020050907
3 0.657526068137877 0.4593149825748224 0.03758486612134195 0.15583237667090888
3 0.6335155651721275 0.4736502025780041 0.02942219764227296 0.14714772000318171
3 0.620170648175933 0.47536724391314034 0.024416362661300893 0.13928067600254543
3 0.5954571496588079 0.46862689524986745 0.02585152866891214 0.1361738573360908
3 0.5699305676435854 0.4626768872533673 0.03514561562705047 0.15346135467059074
3 0.5541145666550022 0.46754620058882174 0.03768036661563343 0.15817612667090888
3 0.5234229821683218 0.47336948659295797 0.030379861178426105 0.13232215133672706
3 0.4561399816740302 0.47649503393541204 0.038669863649883854 0.1441318080044544
3 0.5076613779099779 0.5727245965945487 0.0536237015966055 0.1661704400063634
3 0.4407603793928526 0.5664751439370029 0.04763368676785795 0.0958215773392725
3 0.37169204441188075 0.5750876226130025 0.04696252471457933 0.11767839600572697
3 0.325470960419492 0.5787489719525931 0.038976269771663574 0.09415908000477238
3 0.37892356566641905 0.47427000994591156 0.043166362661300896 0.13949885200509068
3 0.39969898068544707 0.481837061943048 0.03513102817462048 0.1339391953373635
3 0.4296411486702246 0.47524161660568465 0.02564594022789901 0.11196419800286357
3 0.44914056517212747 0.47579559993636655 0.021881611672717582 0.13456590400222712
3 0.47260989867022457 0.4747416299331849 0.015695278668912137 0.1360556786680455
3 0.48195306517212744 0.47541379193191224 0.042017698136564266 0.14963692067154516
3 0.14880900684572013 0.7557216466422739 0.04726361364988403 0.1442318053389542
3 0.09461359676960795 0.7251170839831371 0.04874785920125972 0.12316532733927232
3 0.04375409232098367 0.7467926366565913 0.05919061068413449 0.13031475600731782
3 0.015622393622326373 0.6589022853278184 0.031244787244652746 0.09176987667090888
3 0.002281788137548805 0.6599744366645456 0.00456357627509761 0.06830510467059074
3 0.04099118965924531 0.6804500213240005 0.0412245192773719 0.09184260200509069
3 0.08167719806220229 0.6401517379853644 0.032138679353484065 0.06050169533736351
3 0.04931036703556303 0.6295960459898187 0.023848676882026142 0.04869203866963616
3 0.045242290951839646 0.5952846806572276 0.022031508897248565 0.04242385733609062
3 0.0683123764271032 0.5848648013208188 0.027404758402956995 0.040143742003499835
3 0.08511787444993683 0.5940398066518189 0.02786767342198502 0.032340332670272434
3 0.10426712247277048 0.6031875399825009 0.03231509288963732 0.04566703600413611
3 0.13731970300511817 0.6160778913112738 0.0329026833078168 0.07925169533736351
3 0.014883628898561128 0.5737733073281366 0.029207338935304656 0.026889764003817974
3 0.0010833794207384998 0.5701125053310001 0.0021667588414769996 0.039235222668681756
3 0.020928040457548057 0.5979102413271822 0.024965507908665398 0.0377727200031817
3 0.17115619213070327 0.6672222206397285 0.052176606729801824 0.111492030673136
3 0.2207277692030098 0.6963188272995016 0.05005834980971961 0.0786704400063634
3 0.27718601623726025 0.7097177086250929 0.06284219269935694 0.12411020934118148
3 0.3390175127772192 0.725396705283275 0.06306502718603735 0.1295789593411815
3 0.4051372612943444 0.7316552486075937 0.044445019771663395 0.0942227146721816
3 0.2764591629674996 0.804212595958002 0.07773236364988403 0.14458634134309029
3 0.2090143363894846 0.7729813246340015 0.07055653361182798 0.1601204346753633
3 0.10348989517300247 0.8905602706476827 0.09906087699575687 0.20808576734563572
3 0.1892363941844193 0.8942477973026832 0.10684154349765969 0.20739542401336308
3 0.26921305426053144 0.9245523679583201 0.10741986364988403 0.1449317866804538
3 0.006602879287870342 0.8474017113303638 0.013205758575740684 0.1966028273392723
3 0.349641994982722 0.8096080732813661 0.08174604300336812 0.20476077267663584
3 0.42209265654170897 0.8329723006047303 0.10298437304142424 0.189390311346272
3 0.5223499831197239 0.8638217639242761 0.10808304992345033 0.23786417401336307
3 0.6173932276825165 0.8884848619112315 0.08991137007567467 0.17518236067790838
3 0.3711561921307032 0.6648950099459116 0.034847185284983165 0.08864487667090888
3 0.2802884530051181 0.6144142992918655 0.04336268083635879 0.0676602146721816
3 0.2488646980622023 0.6382063352960017 0.03502359882113639 0.07381021733768164
3 0.21541286950702093 0.6159500746340015 0.03612318380210837 0.08163180800445424
3 0.2025600424347144 0.5864262066359105 0.030497924904859808 0.03939885467059075
3 0.23449579194042283 0.5883972392982288 0.021713173916276585 0.03461135733609062
3 0.17146920992520037 0.5828835833068193 0.026768088441013083 0.02451874200349984
3 0.1799847054765761 0.6038682453055467 0.026146005931499027 0.028415901336727067
3 0.11394055281483775 0.5382619739815462 0.03985302026595505 0.09651192067154532
3 0.1503900473776303 0.5636068719764556 0.042208699125147575 0.15432442067154514
3 0.19193821882244894 0.5404779073042741 0.043805691216482145 0.11686078333863606
3 0.23096888532435175 0.5408046239656379 0.045657351292594316 0.08564714600572713
3 0.27795663186431063 0.5566563432925019 0.040857104752635466 0.10198976133831791
3 0.288457733156905 0.4714182772915474 0.0592861111784261 0.13265850600731782
3 0.4104123517125238 0.69801604527373 0.04720260524692712 0.10440623667249974
3 0.4271342781002584 0.6517495726050483 0.04328176779449713 0.08483862400540883
3 0.44637636802414626 0.6202904872692757 0.029540261368706487 0.05422442333704538
3 0.4855370271116752 0.6557552725970941 0.04489068874502422 0.10516021467218159
3 0.46490885072394067 0.7020671985996394 0.044986189239315875 0.1075039646721816
3 0.5324345903438173 0.7504768792568672 0.06740235870696817 0.12103975334181775
3 0.5319517706858846 0.6856694919239581 0.0419911818249421 0.07232953333863605
3 0.5378635310660079 0.6364052885900945 0.03739918231923358 0.07461873933799978
3 0.5881500325488827 0.6287922359166401 0.04310801285158128 0.06141021467218159
3 0.5919952741459257 0.6685723512492311 0.04430309832684483 0.07157555533895418
3 0.6099202617886361 0.7269297439131404 0.04724902619745421 0.12470964600572713
3 0.6489946906478286 0.6686899825748224 0.03384310079830275 0.08316703600413611
3 0.6348340315602995 0.6329342959102768 0.032089599809719614 0.07846135467059075
3 0.6690405938038584 0.7324888532384135 0.05735885524692712 0.10452441534054521
3 0.7234614969598884 0.7958877345640047 0.08748936562705048 0.15407042934436319
3 0.719515437682079 0.6819252318985047 0.051045188250732565 0.1028891900063634
3 0.7533293635755219 0.637802514560823 0.04591201927737174 0.09189714600572696
3 0.7966045196973014 0.6872752558880052 0.05750077669174569 0.12717157467377227
3 0.8291278596211893 0.6556616292170963 0.04760185326976085 0.09504032733927233
3 0.8945273665412714 0.622103694541733 0.0345951758934433 0.044131808004454244
3 0.8579293388609426 0.7537173212126419 0.09145662403000757 0.19394145134468133
3 0.9348818166178212 0.8582406418682786 0.06882954893486684 0.23272214067472702
3 0.9602186921307034 0.658040647199279 0.026765429847775836 0.0627818106699543
