3 0.7015932744950844 0.2960298231976358 0.07349256303532492 0.14713401923042238
3 0.5734995698710159 0.4190049427185084 0.05144939139235198 0.11720892473094047
3 0.5334967385871227 0.44449294023730906 0.05863517749670546 0.14409891046291676
3 0.5072705818730685 0.3854432719165095 0.044999403492600364 0.08254282630251693
3 0.4589648920797229 0.3605310090962279 0.05517383421075941 0.08614086124870504
3 0.41203534992524526 0.3677227708830523 0.04436359923787414 0.10750643899896399
3 0.3645245456705191 0.3405031453663236 0.03795906313352067 0.08065284057054053
3 0.3330836481298472 0.3718601532242064 0.07560450887879462 0.10739943114108108
3 0.27309556977282007 0.34015208085063087 0.04017554810640602 0.05888700248119942
3 0.24461604576871504 0.39977963792272553 0.05218518959695384 0.10943281203449332
3 0.31235753679172457 0.4420078333318303 0.06468518959695384 0.11001500889134022
3 0.4765422357584523 0.5629668043814983 0.09632607503737738 0.1786580010334573
3 0.4102718202637995 0.6708477708830521 0.22271689997655883 0.4235424696019258
3 0.26622235929501914 0.5813036197257604 0.11890103268650795 0.2999893455329392
3 0.1635427868899204 0.4999379956567738 0.12208966520006523 0.3110723947471509
3 0.0749348048439013 0.41766484305173995 0.1313419453524904 0.29041529238978614
3 0.15668931977282008 0.3347303726212445 0.06071530708339647 0.09889557237357546
3 0.014975039325807332 0.35932149607105857 0.029950078651614663 0.27176799214211717
3 0.5785087358566481 0.6325772911469318 0.16984538826909396 0.19614090756743252
3 0.7427616125164731 0.7418175121965997 0.11871468032537572 0.2679580955329392
3 0.6078184650739968 0.8156753886465964 0.3506919090517453 0.3686492227068072
3 0.18411734466068796 0.8512553619725761 0.2720578489432866 0.2974892760548478
3 0.7219229134515495 0.5626736676971179 0.09851983411256367 0.152985912944116
3 0.927282579142594 0.5909935285315381 0.08665109318774995 0.1266588533908221
3 0.9214906005144204 0.7806189547102205 0.1502283007386847 0.3147260876750565
