3 0.07706456705743105 0.5966125560683002 0.06034266042857659 0.2467928725281606
3 0.22490069538218788 0.5141328278598267 0.03755716422829867 0.1391224841605581
3 0.2562416143601393 0.5202242907330615 0.02443891517822925 0.11168589901126431
3 0.2758657429692366 0.6261136578133406 0.054056946047778 0.27833244963168297
3 0.3455060957427783 0.6356632564562877 0.04762576130225717 0.303622026735205
3 0.30546232399128526 0.6242833600429136 0.06830193721406275 0.32066741510280766
3 0.3987038309251394 0.6425031183407868 0.06964557845659743 0.27786255606830024
3 0.4750305947928478 0.6712397595583809 0.07324401035232668 0.3319326970337929
3 0.6051174850854519 0.6639567733041358 0.05031435020809063 0.28509054802252864
3 0.5460321193941324 0.6052266294886517 0.04733351415204865 0.22404378737886682
3 0.5005195976426393 0.5934643208224614 0.04308242524621555 0.24246600544788172
3 0.052897755602674 0.46310628737886683 0.03230466014423614 0.04749771287323483
3 0.24917269034819484 0.45109187848024546 0.02007741707809032 0.058342377723940686
3 0.3450125204203129 0.4804130277436113 0.027963305470833432 0.09555280062041867
3 0.36866822596739623 0.4914269373985373 0.024075239266423677 0.09606089901126431
3 0.387272755602674 0.4864880651224781 0.02665472539871532 0.07284192029858776
3 0.4418881736306949 0.5207263073288081 0.023003701747361126 0.1170453883676025
3 0.2958294848011115 0.4449946977900975 0.019695557370694505 0.04193612772394086
3 0.27864198480111146 0.44379283070981845 0.018133057370694504 0.04182686708027923
3 0.7750487785884379 0.6929990531414341 0.05089623166697947 0.3100905480225286
3 0.7385287439191671 0.631946938659045 0.03728636692559047 0.22802109319506556
3 0.7610011963321185 0.5251013589576328 0.01985921153100705 0.048967377723940685
3 0.697957642095556 0.5979107922456708 0.04591517809600702 0.16310628737886682
3 0.6705047893220144 0.5913112309815904 0.03922942021222227 0.177458364482389
3 0.6281718189572921 0.5821111936027237 0.03715777393569457 0.15547410383872737
3 0.6010449680836115 0.5224958929823049 0.03203190321038196 0.035778962873234656
3 0.568396775454306 0.5607717891435776 0.037412347073958505 0.16641160383872738
