3 0.05933667492221739 0.49176173566554393 0.06531054342115743 0.6108220948668037
3 0.12417074229265754 0.5344002218253795 0.060613360791597556 0.5653504273763179
3 0.6336605649381035 0.4176146980622023 0.04659572523993845 0.5226217579086654
3 0.5315037755708405 0.3663479698110321 0.03789724066450919 0.15846375741437377
3 0.48808501217815986 0.3938800622063779 0.048480184658154714 0.1385969263877346
3 0.6699838486233235 0.43877477365163403 0.042169503650152686 0.35849559091247085
3 0.7402475300350673 0.3492546758190809 0.03454396428288966 0.41361417243340187
3 0.7597866883148979 0.4374576713704566 0.03449909983454909 0.4557698389353046
3 0.7825111221622738 0.4326282499256379 0.033727532464108735 0.5010186719391102
3 0.807933862016004 0.4073908279865276 0.042208234168392166 0.5396182569200823
3 0.8879798721622738 0.4283307276825165 0.03685253246410909 0.5011460059314989
3 0.9135429338506711 0.439780222245309 0.04340254139256246 0.5185881739162767
3 0.9324156647759476 0.4319849682909763 0.061248560467285884 0.5122890943725121
3 0.7772544265437752 0.19707275190280424 0.022675615259119652 0.09148450444862428
3 0.7136480738665572 0.3971801812562883 0.025915032464108735 0.5007003369581383
