3 0.8416485685915515 0.5877890871934035 0.09000698579324506 0.3246200999237502
3 0.9362616392084024 0.5853018264598273 0.113499032871146 0.32829061379145835
3 0.6908127715136507 0.5874046146444798 0.09095583116686257 0.28950021751493066
3 0.2657758153451405 0.6244058136389585 0.06641375283937379 0.2256734536472223
3 0.11921050690315413 0.558469076272396 0.08822629748164248 0.3120837323325695
3 0.03210215858510844 0.5859927045971528 0.06420431717021688 0.29307915919430555
3 0.05700615625123573 0.18186890226045144 0.04973299310014116 0.0753461453265973
3 0.1076646753259592 0.19008209897381953 0.05292617694751698 0.07932513050895836
3 0.04025503287444117 0.15646885875746533 0.033957988635914274 0.06638871941479171
3 0.09048685795551907 0.14435137167524315 0.029406856330665976 0.07409211664125
3 0.07334995089350443 0.09627689437666673 0.03372220941492108 0.0976205356192014
3 0.24159143628300783 0.0845614104285766 0.02486936079489288 0.08257676386770836
3 0.17347663595869628 0.13612260400781265 0.035656856330665974 0.07423758700597224
3 0.15972205316698065 0.20770666327836818 0.042179591720169364 0.0900080573706945
3 0.209831147322782 0.20262042619614604 0.03321764894433983 0.06871428561920148
3 0.24519194886490955 0.19171994699770853 0.03742390787279355 0.08599270459715277
3 0.21748968871863986 0.16684658035645852 0.02081706047058134 0.029379028685347253
3 0.22273629626712177 0.1349244331300002 0.02694037540538945 0.06700631525447917
3 0.1280686785723701 0.1405366938635765 0.031205135551659158 0.042896668028020855
3 0.18530448011449763 0.13014536094166682 0.019295470779006774 0.03168641109416668
3 0.27369877841021434 0.17049956363895857 0.030488115259119652 0.09129780043684033
3 0.3054709297901861 0.18608884925816 0.03402617248329012 0.07029496941479167
3 0.34604138271228535 0.19015940662885447 0.03696025771063773 0.05943020459715278
3 0.33042211120193 0.09991561312586833 0.04560460064862308 0.10726829255305559
3 0.28132609212720644 0.09173878400368078 0.04379663879807012 0.09316942496187504
3 0.3778874464292776 0.11196232465687532 0.03729722280760175 0.12347452080156254
3 0.4146277414785834 0.20113458064079898 0.03524775324641087 0.0508000870059722
3 0.4078692268680867 0.18534592648048648 0.020926154626382677 0.03562902868534721
3 0.4217056302766534 0.10907436720993091 0.052072788960225935 0.11991376291777782
3 0.3799778262988939 0.0369805084524656 0.044718210632736975 0.05648704255305559
3 0.4259488453736173 0.04508460239229202 0.041852309252765355 0.07125805737069447
3 0.46498802597458233 0.09210572596739622 0.03831425202859488 0.09226088839274309
3 0.4570022021113204 0.14662957180708372 0.031986385551659245 0.04291485182361114
3 0.46495502394598737 0.1835483435585768 0.027298885551659068 0.04280574905006942
3 0.4559112605533068 0.20912957180708372 0.023982970779006862 0.03179551386770836
3 0.5111402771923983 0.13460300370281292 0.04276992694751698 0.07908874116628475
3 0.5295396753259591 0.1999013485925699 0.031546054788538315 0.062427918028020814
3 0.5734396797901861 0.19232589114562545 0.036356285713814884 0.06956827080156254
3 0.5494897110397742 0.13158775968673658 0.03717844602224041 0.07193020459715282
3 0.5938709565755473 0.14121798603538244 0.02859833279171564 0.07251143284565975
3 0.6108442224038599 0.19866746333395885 0.03084662540538936 0.06709723423243057
3 0.6670902682639446 0.1554272628208686 0.047739844966580236 0.14011716014423614
3 0.6409056436693341 0.08838457997520888 0.03938187418757337 0.10868532218833335
3 0.6242908879872913 0.05517203647222274 0.02485572402541756 0.08179551386770834
3 0.6865357435071783 0.11601992391503531 0.03582622605401262 0.17341996941479168
3 0.7097647378251354 0.08373475398715338 0.025954573863261922 0.05526938145888889
3 0.7268295068998588 0.0911660474901395 0.01937729139585791 0.036373911094166676
3 0.7183624419650507 0.12848420953423673 0.0212261635548364 0.05281652868534725
3 0.721795359173335 0.2004683123077784 0.0414119784896446 0.09077112357510417
3 0.7504112828744411 0.17299792894902838 0.025845479707460584 0.049019381458888935
3 0.7656680900986116 0.19445535486083396 0.03837275324641087 0.050872822188333354
3 0.7545590405850789 0.11447691413138952 0.031709696022240406 0.07180291802802086
3 0.751307355519887 0.07688599515343812 0.019459112012708956 0.04106141109416668
3 0.7721556436693341 0.09143945763437565 0.017964795860084593 0.04493129350298612
3 0.7918544890429514 0.1270684863197229 0.026558545860084593 0.04513131525447918
3 0.8024959342544129 0.18905999325357709 0.03874094602224041 0.07196657218833336
3 0.8478999375008238 0.14009646960222294 0.032313668019063255 0.061664851823611144
3 0.8497839914785834 0.21126295478458404 0.028230140015886106 0.05141768284565975
3 0.8702055856343847 0.2054857334699313 0.023488092937985528 0.048183580072118114
3 0.8707919667218171 0.1718919834699313 0.022325013392680403 0.026290396276527784
3 0.8942743311701579 0.21464318113322994 0.032313668019063255 0.061664851823611144
3 0.9212186607154627 0.1933864301832994 0.030969356330665932 0.07412848423243057
3 0.9597999196439163 0.17708993616722304 0.043356308034949366 0.11268249116628475
3 0.9029692670461286 0.11949433529354243 0.02280230032431163 0.05363414627652778
3 0.8863681481335609 0.0855005417905563 0.031037540178041924 0.07803473423243057
3 0.922142006899859 0.09571199638770911 0.03683357264544611 0.09691202080156254
3 0.9807630304388091 0.09551328105698 0.02948867694751698 0.07877961664125002
3 0.9857175373386682 0.16987750142170222 0.025783024349729546 0.13492051386770837
3 0.8477420247567664 0.059591352011042376 0.03889095048646709 0.08056032218833335
3 0.8015800909093904 0.06242475807121595 0.05855856818121907 0.08882741707809032
3 0.9400795292209931 0.053143289890695236 0.051090941558013726 0.06366376291777782
3 0.898028396915745 0.044348864928820196 0.028943206168510115 0.047529616641250015
