3 0.15744305128986164 0.6135480185570258 0.08572582655673636 0.3311127630835925
3 0.255644161947188 0.5976584370716993 0.060868684079930714 0.20171368942018653
3 0.2228868665443408 0.6355525501976441 0.07729442429628497 0.27054698940606914
3 0.34594316004732695 0.645596137156404 0.0905029391139239 0.2681955341302798
3 0.31532698005145876 0.5402029818664972 0.04349869291364596 0.15935188417263219
3 0.265726370344063 0.5266633976091605 0.05003963364309048 0.1722159052193195
3 0.23151371808361149 0.4684182581042693 0.04211672444878474 0.0999768841726322
3 0.19150762034406293 0.5309861475385732 0.04622495583142379 0.20944288943430395
3 0.3187227773541671 0.4508219634506457 0.030124564304548684 0.05402734734092931
3 0.2841659393982643 0.4450115792074264 0.027290505033993107 0.06634533681758548
3 0.33812674078503513 0.4442156476797476 0.0320689240119445 0.07052460260260104
3 0.38282164494534765 0.4486532477220999 0.027508057370694415 0.042172089448421345
3 0.38983732399128523 0.5820194845679203 0.04969544794763907 0.22446864995764776
3 0.36585169728204897 0.4253900529696543 0.015498366641249994 0.02898954998588259
3 0.3644885658231601 0.40043555560049027 0.017151785619201387 0.03298680524755433
3 0.37542606582316007 0.3997985187687873 0.016969947663298603 0.025174305247554506
3 0.39426698480111144 0.4026127056287251 0.02363817496187499 0.04350707629424182
3 0.5536608218070838 0.42775067156903246 0.02029496941479163 0.033950065770898166
3 0.5417420500555907 0.4198394610315713 0.014735300436840326 0.02972529735504672
3 0.5306045283040975 0.4118827478632743 0.01184668977951393 0.03969953683170289
3 0.5370915708571532 0.4553142294474227 0.02520067496187508 0.043598081555913736
3 0.5705249327487506 0.6145226294756576 0.07068205480524341 0.3216544630977099
3 0.5974484958190283 0.4940435295038926 0.04180694671336802 0.05314738680346807
3 0.6478855601235769 0.5435206137612292 0.03717791736243079 0.2565076052334369
3 0.6287537004161811 0.5282064269012915 0.03443347064906277 0.2056353499717652
3 0.595285277354167 0.4347140321347284 0.024147321238402776 0.06538207629424182
3 0.5681779166968407 0.44646287421398584 0.02371091014423623 0.04663207629424182
3 0.5553499551658337 0.39948916367652465 0.016988131458888844 0.025955555247554506
3 0.7233239308488895 0.6588201190934883 0.11025239466100718 0.27870809990117795
3 0.6983778290252782 0.6289807006494019 0.04906097473312521 0.2977696420651398
3 0.7545713180073615 0.5224430033367076 0.0365388716752431 0.09497086575678075
3 0.7959256294621186 0.6522446244257474 0.08245470298163227 0.2911325051910847
3 0.8270827508530214 0.5456005112998026 0.05674292211208325 0.12501468152767892
3 0.8512651332618407 0.5426274297438889 0.07044370583142374 0.21085347099021767
3 0.7904172458190283 0.4828043796874192 0.05109233415618064 0.1168836631118273
3 0.7355472546527435 0.444537811215098 0.040862695763437526 0.07961888154179633
3 0.6914524157469101 0.4658814611727456 0.043315548536979165 0.08444288943430393
3 0.7265002161837504 0.492785595415965 0.045441746200277855 0.10875264469597586
3 0.7029523069894449 0.42218466907937086 0.02200293977951393 0.0402910710325699
3 0.7269164838511809 0.4098365875234572 0.02434668977951393 0.04042757892507769
3 0.6259715796908685 0.4086751769012915 0.025309777735416716 0.04828558155591374
3 0.899265568957292 0.4874170140012256 0.042354420212222264 0.17722962891096028
3 0.9385644582999657 0.4952981324594294 0.06875326605190964 0.17174546835938181
3 0.47106848698531295 0.5428667083301482 0.2075898280753478 0.7064606445548016
