3 0.696997060886076 0.3124485396477808 0.07600206838861112 0.14883061993027075
3 0.5666529846136802 0.4324500471893494 0.053454267951770974 0.11839472091900642
3 0.5261728017680205 0.4570076507759751 0.06110376700184048 0.14544889381548423
3 0.5009559026417011 0.3973377198337256 0.04640418094579868 0.08358267834435953
3 0.45304573271381915 0.3712943898802118 0.05663316612815983 0.08741787252816077
3 0.4059525271667358 0.37739157057035977 0.0462048124046877 0.10852804802252862
3 0.3588781586256247 0.34905912093867686 0.039336563354618194 0.08152850544788164
3 0.326864439210833 0.3796864080654422 0.07741844481350704 0.10915076089576328
3 0.2673809896476733 0.34657362328446534 0.04117116707809032 0.05981739641337427
3 0.23783765359163161 0.40554443169855414 0.05405367999586819 0.11063685124083715
3 0.30489721381211765 0.44935976969783964 0.06655367999586818 0.11151093639013113
3 0.46710431345152725 0.5741680176041527 0.09936748641663193 0.18088364926336595
3 0.39889721447770776 0.6805165705703597 0.22993172786725732 0.42868700075630456
3 0.2562934468102773 0.5875974610316492 0.12404279093753497 0.3027257982746301
3 0.15495045877812458 0.5038237585499747 0.12742236407579885 0.31388181956195355
3 0.06792976956729155 0.4194709018612558 0.1358595391345831 0.29344363342392404
3 0.15097473964767333 0.33843370533166606 0.06239285685760425 0.10030028478097677
3 0.013024717230590186 0.3596863564366174 0.02604943446118037 0.27249771287323477
3 0.5679388084175342 0.6461683397639962 0.1731322947372572 0.20008139951546725
3 0.730418664990798 0.7592578376703093 0.12329725531833358 0.27069454827463024
3 0.5937706905420133 0.8207925552735583 0.35745666261277814 0.3584148894528834
3 0.16927853039777707 0.8518847461031649 0.27729507750666693 0.2962305077936701
3 0.7126895703853815 0.579603188659045 0.10111117116215276 0.1552662902288585
3 0.9177219092912148 0.6127209633005632 0.08879235590767358 0.12866558540139544
3 0.9086157469627771 0.802236931369578 0.1556019154625698 0.31819226114786475
