11 0.23828200000000002 0.075196 0.204102 0.029296 0.166992 0.0078119999999999995 0.07714800000000001 0.009766 0.041992 0.035156 0.017578 0.06543 0.0078119999999999995 0.098632 0.009766 0.155274 0.023438 0.186524 0.061524 0.22461000000000003 0.106446 0.240234 0.144532 0.23925800000000003 0.192382 0.220704 0.228516 0.17870999999999998 0.24413999999999997 0.135742 0.23828200000000002 0.075196
11 0.496094 0.081054 0.488282 0.061524 0.45605399999999996 0.027344 0.407226 0.0078119999999999995 0.35253999999999996 0.0078119999999999995 0.313476 0.023438 0.27538999999999997 0.057618 0.259766 0.09082 0.25781200000000004 0.15918000000000002 0.27538999999999997 0.198242 0.30957 0.23046799999999998 0.354492 0.24609399999999998 0.40038999999999997 0.245118 0.436524 0.236328 0.47461000000000003 0.213868 0.496094 0.163086 0.496094 0.081054
11 0.736328 0.081054 0.726562 0.05371 0.668946 0.011718000000000001 0.5869139999999999 0.009766 0.5537099999999999 0.025390000000000003 0.5156259999999999 0.07128999999999999 0.503906 0.118164 0.507812 0.161132 0.517578 0.186524 0.5537099999999999 0.22461000000000003 0.6005860000000001 0.24413999999999997 0.642578 0.245118 0.6962900000000001 0.220704 0.722656 0.186524 0.738282 0.13769599999999999 0.736328 0.081054
11 0.24609399999999998 0.358398 0.23828200000000002 0.329102 0.217774 0.294922 0.16504000000000002 0.259766 0.104492 0.25586000000000003 0.063476 0.271484 0.027344 0.305664 0.00586 0.35253999999999996 0.00586 0.399414 0.013672 0.42089800000000005 0.06543 0.47851600000000005 0.085938 0.48144600000000004 0.20800800000000003 0.453126 0.226562 0.438476 0.240234 0.413086 0.24609399999999998 0.358398
11 0.210938 0.547852 0.202148 0.53125 0.163086 0.507812 0.106446 0.507812 0.061524 0.523438 0.029296 0.5537099999999999 0.009766 0.604492 0.013672 0.6630860000000001 0.035156 0.702148 0.075196 0.732422 0.12304600000000002 0.7412099999999999 0.170898 0.732422 0.19043000000000002 0.722656 0.201172 0.704102 0.210938 0.547852
11 0.242188 0.8681639999999999 0.232422 0.8154299999999999 0.240234 0.8076180000000001 0.219726 0.771484 0.21581999999999998 0.777344 0.202148 0.773438 0.180664 0.757812 0.088868 0.75586 0.043946 0.777344 0.025390000000000003 0.795898 0.009766 0.844726 0.009766 0.9013680000000001 0.019532 0.9267580000000001 0.061524 0.97461 0.088868 0.9882820000000001 0.13281199999999999 0.99121 0.17480400000000001 0.9882820000000001 0.22168000000000002 0.955078 0.234376 0.936524 0.242188 0.8681639999999999
11 0.44531200000000004 0.8154299999999999 0.42675799999999997 0.7968759999999999 0.39746000000000004 0.783204 0.35253999999999996 0.785156 0.32128999999999996 0.8007820000000001 0.298828 0.829102 0.28711000000000003 0.862304 0.28906200000000004 0.891602 0.30468799999999996 0.924804 0.342774 0.951172 0.376954 0.954102 0.42285199999999995 0.9375 0.45898399999999995 0.8857419999999999 0.455078 0.8388680000000001 0.44531200000000004 0.8154299999999999
11 0.738282 0.8388680000000001 0.726562 0.8056639999999999 0.6806639999999999 0.7656259999999999 0.655274 0.75586 0.598632 0.75586 0.5556639999999999 0.77539 0.523438 0.8095700000000001 0.509766 0.8408200000000001 0.50586 0.887696 0.523438 0.938476 0.557618 0.972656 0.6005860000000001 0.9902340000000001 0.632812 0.99121 0.6806639999999999 0.9785159999999999 0.722656 0.9404299999999999 0.740234 0.8955080000000001 0.738282 0.8388680000000001
11 0.9902340000000001 0.8408200000000001 0.97461 0.8076180000000001 0.9345700000000001 0.769532 0.891602 0.753906 0.8466799999999999 0.75586 0.80371 0.773438 0.773438 0.80371 0.75586 0.8486319999999999 0.757812 0.907226 0.789062 0.9580080000000001 0.8232419999999999 0.982422 0.862304 0.992188 0.898438 0.99121 0.9423819999999999 0.972656 0.976562 0.938476 0.992188 0.89746 0.9902340000000001 0.8408200000000001
11 0.9882820000000001 0.368164 0.976562 0.319336 0.9404299999999999 0.279296 0.8955080000000001 0.259766 0.85254 0.259766 0.785156 0.293946 0.759766 0.350586 0.759766 0.39746000000000004 0.78125 0.44629 0.8076180000000001 0.470704 0.844726 0.486328 0.875 0.48730399999999996 0.920898 0.47851600000000005 0.9570320000000001 0.45214800000000005 0.9804679999999999 0.41699200000000003 0.9882820000000001 0.368164
11 0.986328 0.09082 0.972656 0.057618 0.936524 0.025390000000000003 0.8818360000000001 0.009766 0.8232419999999999 0.021484 0.8017580000000001 0.035156 0.773438 0.067382 0.75586 0.110352 0.757812 0.166992 0.78125 0.20996 0.8193360000000001 0.236328 0.8769539999999999 0.243164 0.9306639999999999 0.226562 0.97461 0.180664 0.9882820000000001 0.14745999999999998 0.986328 0.09082
11 0.742188 0.53418 0.740234 0.44824200000000003 0.716796 0.37793 0.6875 0.336914 0.6474599999999999 0.298828 0.5712900000000001 0.259766 0.438476 0.25781200000000004 0.362304 0.291016 0.291016 0.36621000000000004 0.25781200000000004 0.444336 0.25781200000000004 0.549804 0.269532 0.588868 0.314454 0.6650400000000001 0.362304 0.705078 0.438476 0.738282 0.52539 0.739258 0.5712900000000001 0.730468 0.637696 0.701172 0.71289 0.62207 0.742188 0.53418
11 0.9882820000000001 0.5712900000000001 0.950196 0.527344 0.9169919999999999 0.507812 0.8408200000000001 0.503906 0.8193360000000001 0.509766 0.777344 0.5400400000000001 0.759766 0.573242 0.753906 0.604492 0.757812 0.666992 0.77539 0.698242 0.811524 0.728516 0.858398 0.74414 0.9042960000000001 0.7431639999999999 0.936524 0.732422 0.9804679999999999 0.682618 0.992188 0.651368 0.9882820000000001 0.5712900000000001
